126
191650_BAC66999_rbcL  0.0000000 0.0339153 0.1273585 0.2310563 0.2316885 0.2297885 0.2349979 0.2331365 0.2326906 0.2303668 0.2284531 0.2411060 0.2435054 0.2367943 0.2400517 0.2427036 0.2392732 0.2393393 0.2375442 0.2405088 0.2390155 0.2431049 0.2391137 0.2398173 0.2331391 0.2403797 0.2347526 0.2330466 0.2431515 0.2349311 0.2398426 0.2381225 0.2494308 0.2483002 0.2325236 0.2533851 0.2185974 0.2267463 0.2304835 0.2240063 0.2480127 0.2528764 0.2560616 0.2553386 0.6130947 0.7576542 0.6186509 0.4839104 0.5328569 0.5552704 0.5398518 0.5469490 0.5349374 0.5469490 0.5532431 0.2370549 0.2483777 0.2428428 0.2438058 0.2427494 0.2599580 0.8045549 0.7576542 0.6953001 0.5499265 0.5203760 0.6331509 0.8400521 0.5885184 0.5107046 0.4942084 0.5379032 0.6936006 0.6893683 0.6932606 1.9355569 2.1551542 1.8956302 2.3079289 0.7521710 0.7070881 2.0735695 0.5684671 0.2346473 1.9497101 0.2340396 0.2215735 0.2423588 0.2172948 0.1580860 0.1659202 0.2201741 0.2147299 0.2319186 0.2356111 0.2318781 0.2270462 0.2229394 0.5689030 0.2281711 0.6914313 0.5508916 0.5312046 0.5477196 0.6914313 0.2169155 0.2353734 0.2399329 0.2335213 0.2346735 0.1619890 0.1247582 0.2217237 0.2200598 0.2350225 0.2330631 0.2320924 0.1726195 0.6250661 0.5079555 0.6068550 0.6245267 0.5854713 0.2303373 0.2340665 0.2545159 
41968_BAC67001_rbcL   0.0339153 0.0000000 0.1129285 0.2195550 0.2125181 0.2101733 0.2122943 0.2215538 0.2131966 0.2163474 0.2166922 0.2237566 0.2242295 0.2178629 0.2150761 0.2233105 0.2192698 0.2223197 0.2243473 0.2259440 0.2185620 0.2300587 0.2218306 0.2239879 0.2132787 0.2201016 0.2180952 0.2143628 0.2214879 0.2137155 0.2183700 0.2166463 0.2245231 0.2262651 0.2131245 0.2363440 0.2085312 0.2066518 0.2102221 0.2040485 0.2315356 0.2358822 0.2452921 0.2443503 0.6112284 0.7517984 0.6154099 0.4858115 0.5215897 0.5406691 0.5292911 0.5087835 0.5178727 0.5087835 0.5288808 0.2157089 0.2275965 0.2223838 0.2358414 0.2270881 0.2452112 0.8103174 0.7517984 0.6871626 0.5319847 0.5070129 0.6063071 0.8199974 0.5963002 0.4920458 0.4813234 0.5355700 0.6902096 0.6860066 0.6898730 1.9358906 2.1949089 1.9615305 2.3462637 0.7471078 0.7036009 2.1425819 0.5398063 0.2156471 2.0328447 0.2115946 0.2021487 0.2274914 0.2016240 0.1458526 0.1494881 0.2046891 0.2006616 0.2122571 0.2168998 0.2258942 0.2103306 0.2184191 0.5484619 0.2062393 0.6827419 0.5422425 0.5159083 0.5412152 0.6827419 0.2012129 0.2263592 0.2308449 0.2261471 0.2272819 0.1516819 0.1098216 0.2061631 0.2045866 0.2162504 0.2105290 0.2123167 0.1505331 0.6116658 0.4908245 0.6060241 0.6141336 0.5836910 0.2175429 0.2215412 0.2385627 
58829_BAC67011_rbcL   0.1273585 0.1129285 0.0000000 0.2576588 0.2586698 0.2491662 0.2545673 0.2561012 0.2569223 0.2646070 0.2574241 0.2715048 0.2644585 0.2573551 0.2515968 0.2557098 0.2635044 0.2647255 0.2729825 0.2683215 0.2609450 0.2696010 0.2643401 0.2618068 0.2524667 0.2530471 0.2537391 0.2579883 0.2601718 0.2508218 0.2556103 0.2615194 0.2647629 0.2653352 0.2467304 0.2731031 0.2453090 0.2414387 0.2426223 0.2458301 0.2760379 0.2725449 0.2928889 0.2905336 0.6049676 0.7989252 0.6210395 0.5001020 0.5496170 0.5553925 0.5589475 0.5410689 0.5632086 0.5410689 0.5656011 0.2562035 0.2578178 0.2521495 0.3008155 0.2830333 0.2830005 0.8225552 0.7989252 0.6940456 0.5585103 0.5265675 0.5996451 0.8921684 0.5725676 0.5268430 0.5221341 0.5462811 0.6871136 0.6853428 0.6821022 1.9266021 2.1759938 1.9319249 2.1697927 0.8199321 0.6886254 2.0323455 0.5689991 0.2545699 1.9892208 0.2505621 0.2427827 0.2355186 0.2441188 0.1870206 0.1807696 0.2466712 0.2513576 0.2533232 0.2552014 0.2708907 0.2241408 0.2578787 0.5780060 0.2402545 0.6776984 0.5534206 0.5339028 0.5592913 0.6776984 0.2437981 0.2631012 0.2691296 0.2680023 0.2692207 0.1884893 0.0568147 0.2526546 0.2441406 0.2493540 0.2588417 0.2568823 0.1927795 0.6006370 0.5246410 0.6001833 0.6316963 0.6061709 0.2889669 0.2522691 0.2782981 
301181_BAD98508_rbcL  0.2310563 0.2195550 0.2576588 0.0000000 0.0485913 0.0521065 0.0331844 0.0042993 0.0035766 0.0123471 0.0050199 0.1933239 0.0360959 0.0360672 0.0325857 0.0198816 0.0190145 0.0190739 0.0215234 0.0232501 0.0189817 0.0289065 0.0174538 0.0165750 0.0395782 0.0395157 0.0504116 0.0308236 0.0519752 0.0402475 0.0483409 0.0493574 0.0549412 0.0539072 0.0460882 0.2292901 0.2142680 0.2152430 0.2189587 0.2136533 0.2384527 0.2288379 0.2226369 0.2274374 0.6335093 0.7408662 0.5885144 0.4882864 0.4941205 0.5282901 0.5121759 0.4724771 0.5205155 0.4724771 0.5083828 0.0484200 0.0486472 0.0458206 0.2460348 0.2292826 0.2329692 0.8976956 0.7408662 0.6703601 0.5335730 0.5128570 0.6333678 0.8790475 0.5940452 0.4874956 0.4791159 0.5254072 0.6675096 0.6621243 0.6657457 2.0265139 2.5674197 2.2178125 2.7154422 0.7473534 0.6704642 2.4105393 0.5281895 0.2278903 2.2925100 0.2246920 0.2115829 0.1988776 0.2091062 0.2289127 0.2523471 0.2016760 0.1155671 0.0494975 0.2262797 0.1619575 0.1939361 0.2350239 0.5291795 0.2156450 0.6900694 0.5159455 0.4947961 0.5358266 0.6900694 0.2107268 0.2396510 0.2434313 0.2390602 0.2402421 0.2980268 0.2629355 0.2040595 0.1993391 0.0479140 0.0485855 0.0519007 0.2382679 0.6186346 0.4643710 0.5810264 0.5912325 0.5924864 0.2186623 0.2392640 0.2289762 
140636_BAM65605_rbcL  0.2316885 0.2125181 0.2586698 0.0485913 0.0000000 0.0183336 0.0414248 0.0485913 0.0462478 0.0496567 0.0479186 0.1744816 0.0459192 0.0404771 0.0405959 0.0485610 0.0421580 0.0411851 0.0484783 0.0494684 0.0458063 0.0546347 0.0495564 0.0441031 0.0232106 0.0199480 0.0341954 0.0397046 0.0085687 0.0166121 0.0165575 0.0023142 0.0101873 0.0085939 0.0204810 0.2164475 0.1953654 0.1993820 0.2029857 0.1958314 0.2164709 0.2160263 0.2160395 0.2175478 0.6361530 0.7591727 0.5867369 0.4522845 0.4742192 0.5038627 0.4956734 0.4679212 0.5194206 0.4679212 0.5043115 0.0157500 0.0198970 0.0173972 0.2217108 0.2033425 0.2085549 0.8805432 0.7591727 0.6521281 0.5167726 0.4902774 0.6331075 0.8641979 0.5576491 0.4715775 0.4649174 0.5111826 0.6505043 0.6452689 0.6482612 2.1358414 2.6236874 2.2153371 2.8013943 0.7590259 0.6534112 2.3359577 0.5159868 0.2043946 2.3882724 0.2017993 0.1942091 0.1993133 0.1892171 0.2254735 0.2587377 0.1911933 0.1051313 0.0183236 0.2046058 0.1585421 0.1956996 0.2284376 0.5162740 0.2001060 0.6950505 0.4993209 0.4693639 0.5185552 0.6950505 0.1907418 0.2327750 0.2365061 0.2301893 0.2313552 0.2919682 0.2561449 0.1935118 0.1889191 0.0183473 0.0050239 0.0101389 0.2350603 0.6091996 0.4733144 0.5675498 0.5864366 0.6043638 0.2062845 0.2171496 0.2089106 
408845_BAM65606_rbcL  0.2297885 0.2101733 0.2491662 0.0521065 0.0183336 0.0000000 0.0448976 0.0521065 0.0497416 0.0514098 0.0514359 0.1680970 0.0506795 0.0451247 0.0452588 0.0515413 0.0449610 0.0457879 0.0487009 0.0496963 0.0504188 0.0548872 0.0543430 0.0505951 0.0258374 0.0208126 0.0369652 0.0443154 0.0165163 0.0158480 0.0054398 0.0182058 0.0199065 0.0182189 0.0116950 0.2123413 0.1976247 0.1978462 0.1989584 0.1943113 0.2158119 0.2119320 0.2131634 0.2158701 0.6203518 0.7448540 0.5736770 0.4455808 0.4754208 0.4980591 0.4869592 0.4544266 0.5034804 0.4544266 0.4917795 0.0070126 0.0182879 0.0158007 0.2214600 0.1979582 0.2112386 0.8544978 0.7448540 0.6528906 0.5082690 0.4786705 0.6077960 0.8459321 0.5399556 0.4523886 0.4509170 0.4988001 0.6512699 0.6460419 0.6490305 2.1454211 2.5506279 2.1344491 2.7499278 0.7447731 0.6541711 2.3364899 0.5050275 0.2104761 2.3177157 0.2077340 0.1927290 0.1953859 0.1902142 0.2244565 0.2544847 0.1899972 0.1046798 0.0079468 0.2105782 0.1526077 0.1895714 0.2261523 0.5107514 0.1985996 0.6835984 0.4896137 0.4600496 0.5085152 0.6835984 0.1917416 0.2289433 0.2350083 0.2263974 0.2275561 0.2936085 0.2498451 0.1923103 0.1877280 0.0168473 0.0145962 0.0160353 0.2354809 0.6000642 0.4567199 0.5570116 0.5844756 0.5932239 0.2052941 0.2219357 0.2082548 
408846_BAM65607_rbcL  0.2349979 0.2122943 0.2545673 0.0331844 0.0414248 0.0448976 0.0000000 0.0364124 0.0309011 0.0349455 0.0324944 0.1861278 0.0101642 0.0101497 0.0030972 0.0334088 0.0333751 0.0308053 0.0360460 0.0351387 0.0351633 0.0454606 0.0335488 0.0308679 0.0378882 0.0379799 0.0449968 0.0325753 0.0449820 0.0369792 0.0415550 0.0415208 0.0469868 0.0470004 0.0384147 0.2264146 0.2025347 0.2003858 0.2040071 0.1988588 0.2327638 0.2259718 0.2289384 0.2302292 0.6333448 0.7424305 0.5936224 0.4655218 0.4778159 0.5082828 0.4828486 0.4605312 0.5138625 0.4605312 0.4994169 0.0416237 0.0435048 0.0407178 0.2378602 0.2180494 0.2248571 0.8776140 0.7424305 0.6794741 0.5161107 0.4856973 0.6108200 0.8546297 0.5701505 0.4762477 0.4617414 0.5092729 0.6765882 0.6711402 0.6748067 2.0569763 2.6692704 2.1829583 2.8149093 0.7362514 0.6795589 2.2700872 0.5109969 0.2186138 2.4175728 0.2156527 0.1971594 0.1988640 0.1998360 0.2216799 0.2507720 0.1928553 0.1131638 0.0390140 0.2185680 0.1577317 0.1943781 0.2339554 0.5099615 0.2010917 0.6832700 0.5017152 0.4732307 0.5189614 0.6832700 0.2014126 0.2386062 0.2423625 0.2356315 0.2368044 0.2898177 0.2597516 0.1951982 0.1905573 0.0415249 0.0423347 0.0438934 0.2286315 0.6038346 0.4540125 0.5744860 0.6021421 0.6013409 0.2086638 0.2281509 0.2228564 
408847_BAM65609_rbcL  0.2331365 0.2215538 0.2561012 0.0042993 0.0485913 0.0521065 0.0364124 0.0000000 0.0064740 0.0153392 0.0079328 0.1948646 0.0369486 0.0387403 0.0352233 0.0206949 0.0215070 0.0215744 0.0240452 0.0257957 0.0198464 0.0298222 0.0182632 0.0190449 0.0369027 0.0386618 0.0495321 0.0334407 0.0510965 0.0393950 0.0474700 0.0484825 0.0540532 0.0530230 0.0452107 0.2313978 0.2160164 0.2146712 0.2183939 0.2130793 0.2369340 0.2309394 0.2274077 0.2322558 0.6305628 0.7575632 0.5883551 0.4982696 0.5060769 0.5370822 0.5181950 0.4814810 0.5285625 0.4814810 0.5182766 0.0475476 0.0477704 0.0449519 0.2482949 0.2314049 0.2348664 0.9054624 0.7575632 0.6801189 0.5439043 0.5229120 0.6425386 0.8866804 0.6004349 0.4953074 0.4885215 0.5357250 0.6766855 0.6717518 0.6748980 2.0459246 2.5635987 2.2315508 2.7473716 0.7641136 0.6796663 2.4314723 0.5383758 0.2297243 2.3193442 0.2264730 0.2110178 0.1984894 0.2110485 0.2309516 0.2518487 0.2058069 0.1169149 0.0494975 0.2280714 0.1629605 0.1958175 0.2359546 0.5393532 0.2150862 0.6941233 0.5260719 0.5013474 0.5462880 0.6941233 0.2126816 0.2417856 0.2455956 0.2411760 0.2423643 0.3005712 0.2613648 0.2082116 0.2034498 0.0479140 0.0485855 0.0519007 0.2377489 0.6157374 0.4734999 0.5782748 0.5884557 0.5923257 0.2233552 0.2411325 0.2308421 
408848_BAM65610_rbcL  0.2326906 0.2131966 0.2569223 0.0035766 0.0462478 0.0497416 0.0309011 0.0064740 0.0000000 0.0101609 0.0043063 0.1875886 0.0336102 0.0335836 0.0309581 0.0174824 0.0166250 0.0166770 0.0207450 0.0224688 0.0165964 0.0281294 0.0150620 0.0141963 0.0370777 0.0370191 0.0496194 0.0283688 0.0511864 0.0377563 0.0458084 0.0468149 0.0523694 0.0513450 0.0444458 0.2264813 0.2092871 0.2102626 0.2139463 0.2086941 0.2355581 0.2260360 0.2224972 0.2272931 0.6412195 0.7465830 0.5942744 0.4970835 0.5026049 0.5339161 0.5114963 0.4785405 0.5272791 0.4785405 0.5110674 0.0458833 0.0460981 0.0432906 0.2405688 0.2240497 0.2301073 0.9068606 0.7465830 0.6786132 0.5401828 0.5216398 0.6324081 0.8844169 0.6002602 0.4959338 0.4816509 0.5344080 0.6757241 0.6702697 0.6739403 2.0226393 2.5488653 2.2369638 2.7083613 0.7530839 0.6787001 2.4176414 0.5309652 0.2213327 2.2871318 0.2183003 0.2067493 0.1958272 0.2041946 0.2261941 0.2494613 0.1968816 0.1137520 0.0471474 0.2198608 0.1630526 0.1909027 0.2346000 0.5319523 0.2107674 0.6982847 0.5247877 0.5037598 0.5449434 0.6982847 0.2057941 0.2368312 0.2405812 0.2362635 0.2374399 0.2962286 0.2622027 0.1992452 0.1945638 0.0455661 0.0444685 0.0495457 0.2331671 0.6246156 0.4723898 0.5866776 0.5943589 0.6024184 0.2161621 0.2340888 0.2261522 
408849_BAM65611_rbcL  0.2303668 0.2163474 0.2646070 0.0123471 0.0496567 0.0514098 0.0349455 0.0153392 0.0101609 0.0000000 0.0116157 0.1907205 0.0398139 0.0415091 0.0353209 0.0183160 0.0158144 0.0191806 0.0182681 0.0216401 0.0158008 0.0289462 0.0142521 0.0150412 0.0415413 0.0396778 0.0541800 0.0326314 0.0530258 0.0404123 0.0503942 0.0495644 0.0570763 0.0541353 0.0471424 0.2249590 0.2050237 0.2080211 0.2116961 0.2064598 0.2339847 0.2245177 0.2213491 0.2261427 0.6399238 0.7431801 0.5890014 0.4850350 0.4926762 0.5248330 0.4991578 0.4723107 0.5089219 0.4723107 0.5009780 0.0467811 0.0508118 0.0479423 0.2418873 0.2198909 0.2259585 0.8912318 0.7431801 0.6667833 0.5296377 0.5103668 0.6178181 0.8592407 0.5949989 0.4783955 0.4702301 0.5214678 0.6639528 0.6586032 0.6621994 2.0668931 2.5513812 2.2753129 2.7782897 0.7447195 0.6668949 2.4194545 0.5206084 0.2209022 2.3158178 0.2178723 0.2045684 0.1964808 0.2014461 0.2302820 0.2512623 0.1942063 0.1188988 0.0514290 0.2194353 0.1650195 0.1915613 0.2271923 0.5216097 0.2085727 0.6961514 0.5120691 0.4914863 0.5318436 0.6961514 0.2030321 0.2338435 0.2375602 0.2363074 0.2374845 0.2919589 0.2608262 0.1938441 0.1919015 0.0499183 0.0496506 0.0529823 0.2349369 0.6184398 0.4557448 0.5848928 0.5975914 0.6031925 0.2144379 0.2313424 0.2246220 
408850_BAM65612_rbcL  0.2284531 0.2166922 0.2574241 0.0050199 0.0479186 0.0514359 0.0324944 0.0079328 0.0043063 0.0116157 0.0000000 0.1918905 0.0353517 0.0353236 0.0326813 0.0174581 0.0166021 0.0183167 0.0190905 0.0207996 0.0182279 0.0280895 0.0166524 0.0157782 0.0388381 0.0387766 0.0496828 0.0300760 0.0530204 0.0395117 0.0476132 0.0486294 0.0542189 0.0531850 0.0462254 0.2230776 0.2125324 0.2137431 0.2174634 0.2121537 0.2381561 0.2226391 0.2249716 0.2298069 0.6478665 0.7601761 0.6046427 0.4965248 0.5097607 0.5352954 0.5145976 0.4855285 0.5323939 0.4855285 0.5220353 0.0476913 0.0479154 0.0450874 0.2442448 0.2265357 0.2326561 0.9140310 0.7601761 0.6857311 0.5478130 0.5229838 0.6427148 0.8760560 0.6033761 0.4989728 0.4903248 0.5396330 0.6828087 0.6772945 0.6810076 2.0645766 2.5642793 2.2598840 2.7726199 0.7667357 0.6858033 2.4452648 0.5422331 0.2261450 2.3002562 0.2229803 0.2101138 0.1996367 0.2098977 0.2297828 0.2533344 0.2024267 0.1155754 0.0488250 0.2245661 0.1638640 0.1946728 0.2326031 0.5394304 0.2141778 0.7077707 0.5299135 0.5086843 0.5502440 0.7077707 0.2115266 0.2372294 0.2409884 0.2342901 0.2354660 0.3021696 0.2639901 0.2048204 0.2000799 0.0472385 0.0479131 0.0512324 0.2368199 0.6327283 0.4769983 0.5943544 0.6046990 0.6087024 0.2185655 0.2375469 0.2262317 
37425_BAI66345_rbcL   0.2411060 0.2237566 0.2715048 0.1933239 0.1744816 0.1680970 0.1861278 0.1948646 0.1875886 0.1907205 0.1918905 0.0000000 0.1920564 0.1837526 0.1861126 0.1907570 0.1887142 0.1843425 0.1929461 0.1974233 0.1857599 0.1980074 0.1954050 0.1920178 0.1713458 0.1727607 0.1837932 0.1851856 0.1779895 0.1711081 0.1669964 0.1777196 0.1813940 0.1784031 0.1613304 0.2418637 0.1848269 0.1800221 0.1789688 0.1792444 0.2449742 0.2414054 0.2419584 0.2424767 0.6383309 0.7685850 0.6144392 0.5201832 0.5757269 0.5809853 0.5359827 0.5176843 0.5533771 0.5176843 0.5573697 0.1645214 0.1800726 0.1770574 0.2495500 0.2394982 0.2445557 0.8590954 0.7685850 0.6913948 0.5596846 0.5357146 0.6123771 0.8556891 0.5882298 0.5107244 0.4956661 0.5603877 0.6753000 0.6676464 0.6730084 1.8586162 2.3663238 1.9579646 2.3479280 0.7617000 0.6736689 2.0910190 0.5551700 0.1853039 2.1408486 0.1868804 0.1804300 0.2607579 0.1925326 0.2090479 0.2602584 0.1939390 0.1784108 0.1656123 0.1871798 0.1615022 0.2605110 0.2242735 0.5623546 0.1824049 0.6825978 0.5634090 0.5274805 0.5816027 0.6825978 0.1929541 0.2345646 0.2387391 0.2386554 0.2397943 0.2692982 0.2652838 0.1935928 0.1938461 0.1765072 0.1695909 0.1745548 0.2129346 0.6379242 0.4985603 0.6002905 0.6070164 0.6283452 0.2237373 0.2030139 0.2494361 
61570_AAC96034_rbcL   0.2435054 0.2242295 0.2644585 0.0360959 0.0459192 0.0506795 0.0101642 0.0369486 0.0336102 0.0398139 0.0353517 0.1920564 0.0000000 0.0062246 0.0125952 0.0378641 0.0395669 0.0368840 0.0440138 0.0431061 0.0396231 0.0536678 0.0362011 0.0335270 0.0343916 0.0380671 0.0504086 0.0360903 0.0503908 0.0421879 0.0469258 0.0451016 0.0524114 0.0524670 0.0437931 0.2267180 0.2139013 0.2059173 0.2097895 0.2056006 0.2294060 0.2267180 0.2303188 0.2299066 0.6296805 0.7353555 0.5913699 0.4707121 0.4992478 0.5157220 0.4940078 0.4697074 0.5290648 0.4697074 0.4989230 0.0470030 0.0452780 0.0424729 0.2293962 0.2131077 0.2240946 0.8865889 0.7353555 0.6787534 0.5210494 0.4960172 0.6086234 0.8782421 0.5553204 0.4744262 0.4783465 0.5117328 0.6756554 0.6744711 0.6737431 1.9234413 2.4636272 2.0786211 2.5163656 0.7381995 0.6788462 2.1298738 0.5155977 0.2177891 2.1439636 0.2190253 0.2041306 0.2091402 0.2073849 0.2273979 0.2665968 0.2034481 0.1150032 0.0450995 0.2190253 0.1559513 0.2005926 0.2365615 0.5146284 0.2071199 0.6884578 0.5029951 0.4762582 0.5218134 0.6884578 0.2091282 0.2406743 0.2447597 0.2354708 0.2367417 0.3009989 0.2643471 0.2060316 0.2009161 0.0424729 0.0478228 0.0504732 0.2283766 0.6086780 0.4539234 0.5814564 0.5990834 0.6015781 0.2069148 0.2314146 0.2217656 
61571_AAC96035_rbcL   0.2367943 0.2178629 0.2573551 0.0360672 0.0404771 0.0451247 0.0101497 0.0387403 0.0335836 0.0415091 0.0353236 0.1837526 0.0062246 0.0000000 0.0125771 0.0395448 0.0386100 0.0351568 0.0439758 0.0430369 0.0413406 0.0518188 0.0388131 0.0351935 0.0343325 0.0361785 0.0448852 0.0326719 0.0448705 0.0368617 0.0414529 0.0396953 0.0468706 0.0468841 0.0383269 0.2200752 0.2050203 0.2001890 0.2040163 0.1998842 0.2301333 0.2200752 0.2233175 0.2229198 0.6251346 0.7286731 0.5870737 0.4627122 0.4869478 0.5116086 0.4899581 0.4615864 0.5207228 0.4615864 0.4949999 0.0415202 0.0433168 0.0405444 0.2225052 0.2065968 0.2225691 0.8665990 0.7286731 0.6633660 0.5169095 0.4926645 0.6020458 0.8621605 0.5426980 0.4667198 0.4671834 0.5076248 0.6603431 0.6591940 0.6584689 1.8768336 2.3686376 2.0307753 2.4188271 0.7281702 0.6634937 2.0519325 0.5115361 0.2088374 2.0718976 0.2100535 0.1984366 0.2038350 0.1985777 0.2197793 0.2590167 0.1948086 0.1123241 0.0396648 0.2100535 0.1533323 0.1954184 0.2285331 0.5105891 0.2013798 0.6846465 0.4950851 0.4688026 0.5176185 0.6846465 0.2002740 0.2299232 0.2338855 0.2258874 0.2271365 0.2931915 0.2572282 0.1973442 0.1923227 0.0405444 0.0423348 0.0449433 0.2207516 0.6042478 0.4508549 0.5772088 0.5947408 0.5928003 0.2005189 0.2221530 0.2202551 
61569_AAC96036_rbcL   0.2400517 0.2150761 0.2515968 0.0325857 0.0405959 0.0452588 0.0030972 0.0352233 0.0309581 0.0353209 0.0326813 0.1861126 0.0125952 0.0125771 0.0000000 0.0316852 0.0333903 0.0308190 0.0360627 0.0351548 0.0351794 0.0446205 0.0335641 0.0308817 0.0379060 0.0379978 0.0450187 0.0334217 0.0450028 0.0369964 0.0415750 0.0415407 0.0470100 0.0470236 0.0384405 0.2253307 0.2035587 0.1911349 0.1948972 0.1908482 0.2289745 0.2253307 0.2242364 0.2235745 0.6310813 0.7180169 0.5883523 0.4517278 0.4785803 0.5008307 0.4737008 0.4389371 0.4968057 0.4389371 0.4925187 0.0416427 0.0435259 0.0407373 0.2332851 0.2077864 0.2201826 0.8865527 0.7180169 0.6549631 0.5103906 0.4728066 0.6026876 0.8621340 0.5469728 0.4573194 0.4591144 0.5050512 0.6519928 0.6508673 0.6501465 1.8868939 2.3658855 2.0836102 2.4764892 0.7156572 0.6551098 2.0710057 0.5051103 0.2073638 2.1210389 0.2085764 0.1894332 0.2054081 0.1992478 0.2260485 0.2542900 0.1954569 0.1163822 0.0397812 0.2085764 0.1636591 0.2010654 0.2245577 0.5061171 0.1923087 0.6739715 0.4969378 0.4664175 0.5154987 0.6739715 0.2009518 0.2339585 0.2379805 0.2290977 0.2303599 0.2922458 0.2581307 0.1980022 0.1929615 0.0407373 0.0424596 0.0450772 0.2248560 0.6011840 0.4316676 0.5716125 0.5904454 0.6023732 0.2037026 0.2206269 0.2164040 
61548_AAC96037_rbcL   0.2427036 0.2233105 0.2557098 0.0198816 0.0485610 0.0515413 0.0334088 0.0206949 0.0174824 0.0183160 0.0174581 0.1907570 0.0378641 0.0395448 0.0316852 0.0000000 0.0150480 0.0159405 0.0175314 0.0175353 0.0182455 0.0265348 0.0166265 0.0190225 0.0414060 0.0386517 0.0504554 0.0378753 0.0530596 0.0430946 0.0477802 0.0495378 0.0551451 0.0551616 0.0446512 0.2202466 0.2155523 0.2009076 0.2047457 0.2037956 0.2303916 0.2202466 0.2164956 0.2194757 0.6491438 0.7446709 0.6052737 0.4886224 0.5070444 0.5346820 0.5074500 0.4651997 0.5212973 0.4651997 0.5097939 0.0478589 0.0497482 0.0468983 0.2408363 0.2138326 0.2266181 0.9269626 0.7446709 0.6795012 0.5412815 0.5162605 0.6222801 0.9100343 0.5999580 0.4819102 0.4878749 0.5310040 0.6764005 0.6752148 0.6744869 1.9552540 2.3195524 2.1807595 2.4479791 0.7528374 0.6795923 2.2511877 0.5314655 0.2169635 2.1165916 0.2182003 0.2023281 0.2114721 0.2084835 0.2452062 0.2601975 0.2061145 0.1236006 0.0477397 0.2167213 0.1688184 0.2079061 0.2225016 0.5331996 0.2021015 0.6916598 0.5206492 0.5002241 0.5423834 0.6916598 0.2096475 0.2303405 0.2371834 0.2318265 0.2330937 0.3134672 0.2593433 0.2087232 0.2035581 0.0468983 0.0487179 0.0522029 0.2399909 0.6116128 0.4601079 0.5903357 0.5958379 0.6131444 0.2146953 0.2331383 0.2223765 
61513_AAC96038_rbcL   0.2392732 0.2192698 0.2635044 0.0190145 0.0421580 0.0449610 0.0333751 0.0215070 0.0166250 0.0158144 0.0166021 0.1887142 0.0395669 0.0386100 0.0333903 0.0150480 0.0000000 0.0126177 0.0117678 0.0134124 0.0157822 0.0205797 0.0158435 0.0182302 0.0395904 0.0405885 0.0467865 0.0333981 0.0484421 0.0360116 0.0431063 0.0431050 0.0485776 0.0485917 0.0418902 0.2233057 0.2095183 0.2006774 0.2045136 0.1971818 0.2325908 0.2233057 0.2153870 0.2147507 0.6507264 0.7225556 0.6039438 0.4726102 0.4924521 0.5214834 0.4828737 0.4519607 0.5015472 0.4519607 0.4962961 0.0431763 0.0469977 0.0441793 0.2370454 0.2145092 0.2262533 0.9016499 0.7225556 0.6639558 0.5269659 0.5015573 0.6153527 0.8749956 0.5893386 0.4616526 0.4724137 0.5183053 0.6609373 0.6597897 0.6585015 1.9247345 2.2693019 2.1475645 2.4258678 0.7294746 0.6640818 2.2056047 0.5174716 0.2109096 2.0260389 0.2121332 0.1957452 0.2082412 0.2023101 0.2351269 0.2588938 0.1982223 0.1172229 0.0440630 0.2106739 0.1698622 0.2032034 0.2219873 0.5201920 0.2018708 0.6860306 0.5082370 0.4862371 0.5294590 0.6860306 0.2040318 0.2289976 0.2329388 0.2240067 0.2252504 0.3069644 0.2608545 0.2007825 0.1957126 0.0441793 0.0440249 0.0466405 0.2357980 0.6188026 0.4489267 0.5918162 0.5945284 0.6117995 0.2097585 0.2268529 0.2207398 
61556_AAC96039_rbcL   0.2393393 0.2223197 0.2647255 0.0190739 0.0411851 0.0457879 0.0308053 0.0215744 0.0166770 0.0191806 0.0183167 0.1843425 0.0368840 0.0351568 0.0308190 0.0159405 0.0126177 0.0000000 0.0166786 0.0183716 0.0190929 0.0248435 0.0208333 0.0215942 0.0377379 0.0387227 0.0456196 0.0316066 0.0474335 0.0376304 0.0439850 0.0420944 0.0475300 0.0475794 0.0418601 0.2188747 0.2065953 0.1985443 0.2023739 0.1982417 0.2306101 0.2188747 0.2134872 0.2128574 0.6447948 0.7061788 0.6046417 0.4585638 0.4745453 0.5025538 0.4783329 0.4486138 0.4891197 0.4486138 0.4796090 0.0440565 0.0459906 0.0431893 0.2343029 0.2105974 0.2243125 0.8771817 0.7061788 0.6621630 0.5093870 0.4904552 0.5988105 0.8588768 0.5695090 0.4500186 0.4549955 0.5016069 0.6542961 0.6531606 0.6524364 1.8445008 2.2898493 2.0938955 2.3417916 0.7192585 0.6574320 2.1034525 0.5002535 0.2079836 2.0237390 0.2092067 0.1967947 0.2095274 0.1968947 0.2392781 0.2603990 0.1950964 0.1152366 0.0449450 0.2077499 0.1672399 0.2044732 0.2184382 0.5015321 0.1997363 0.6677624 0.4926544 0.4712808 0.5124897 0.6677624 0.1985995 0.2314821 0.2367909 0.2251675 0.2264245 0.3071387 0.2678513 0.1976508 0.1925921 0.0431893 0.0430402 0.0456421 0.2373966 0.6108465 0.4382706 0.5820030 0.5776547 0.6039457 0.2056577 0.2238911 0.2201047 
61555_AAC96040_rbcL   0.2375442 0.2243473 0.2729825 0.0215234 0.0484783 0.0487009 0.0360460 0.0240452 0.0207450 0.0182681 0.0190905 0.1929461 0.0440138 0.0439758 0.0360627 0.0175314 0.0117678 0.0166786 0.0000000 0.0031041 0.0149642 0.0165739 0.0198843 0.0206609 0.0457838 0.0468186 0.0496372 0.0367908 0.0548975 0.0438966 0.0468151 0.0494161 0.0550099 0.0550685 0.0456272 0.2256174 0.2156969 0.2058031 0.2096970 0.2054848 0.2321631 0.2256174 0.2205474 0.2198937 0.6616264 0.7339201 0.6095269 0.4731340 0.4988159 0.5262751 0.4996045 0.4659717 0.5091922 0.4659717 0.5061540 0.0450578 0.0534709 0.0505761 0.2379191 0.2139847 0.2258054 0.9296334 0.7339201 0.6774051 0.5333045 0.5131045 0.6257838 0.8891834 0.5942422 0.4721537 0.4747367 0.5251238 0.6743139 0.6731328 0.6724051 1.9948266 2.3246540 2.1984657 2.5229073 0.7420331 0.6775009 2.2850205 0.5276646 0.2189698 2.1011008 0.2202143 0.2040068 0.2128048 0.2065518 0.2398208 0.2642862 0.2047957 0.1229298 0.0477906 0.2187247 0.1703896 0.2076974 0.2192817 0.5249125 0.2070125 0.6942286 0.5153913 0.4925861 0.5369031 0.6942286 0.2083058 0.2323388 0.2363441 0.2304855 0.2317523 0.3143372 0.2688544 0.2043711 0.2022420 0.0505761 0.0486347 0.0530566 0.2394774 0.6292154 0.4572513 0.6017589 0.6044881 0.6101367 0.2117188 0.2320069 0.2215583 
61554_AAC96041_rbcL   0.2405088 0.2259440 0.2683215 0.0232501 0.0494684 0.0496963 0.0351387 0.0257957 0.0224688 0.0216401 0.0207996 0.1974233 0.0431061 0.0430369 0.0351548 0.0175353 0.0134124 0.0183716 0.0031041 0.0000000 0.0182907 0.0165930 0.0232758 0.0206654 0.0486038 0.0477007 0.0488669 0.0395305 0.0559176 0.0448974 0.0478004 0.0504494 0.0541151 0.0560921 0.0466205 0.2281893 0.2181677 0.2051406 0.2090396 0.2048229 0.2348226 0.2281893 0.2224305 0.2217705 0.6616383 0.7391232 0.6100448 0.4689158 0.4973807 0.5247830 0.4981584 0.4656500 0.5187055 0.4656500 0.5027777 0.0478792 0.0524854 0.0496049 0.2433643 0.2192699 0.2284016 0.9309818 0.7391232 0.6732430 0.5318065 0.5060913 0.6219282 0.8919269 0.5955649 0.4809910 0.4801637 0.5248992 0.6701688 0.6689959 0.6682683 1.9837617 2.3114659 2.1693493 2.5084425 0.7376671 0.6733483 2.2542498 0.5242126 0.2183174 2.0904635 0.2195639 0.2033437 0.2131349 0.2058771 0.2450832 0.2673961 0.2041273 0.1252040 0.0487817 0.2180724 0.1746449 0.2080168 0.2217676 0.5214799 0.2063518 0.6860921 0.5151514 0.4877048 0.5366989 0.6860921 0.2076323 0.2314007 0.2354034 0.2263337 0.2275929 0.3206165 0.2706587 0.2067365 0.2015702 0.0496049 0.0496285 0.0540679 0.2424112 0.6204718 0.4656758 0.6016656 0.6049923 0.6173966 0.2132778 0.2346343 0.2241134 
61558_AAC96042_rbcL   0.2390155 0.2185620 0.2609450 0.0189817 0.0458063 0.0504188 0.0351633 0.0198464 0.0165964 0.0158008 0.0182279 0.1857599 0.0396231 0.0413406 0.0351794 0.0182455 0.0157822 0.0190929 0.0149642 0.0182907 0.0000000 0.0238945 0.0141977 0.0182315 0.0396513 0.0369614 0.0485678 0.0342188 0.0521753 0.0412663 0.0485249 0.0467364 0.0522821 0.0523374 0.0473550 0.2233503 0.2063925 0.1997718 0.2036076 0.2026564 0.2272574 0.2233503 0.2136839 0.2166427 0.6549327 0.7473555 0.6033820 0.4853178 0.5094628 0.5304821 0.5038013 0.4758077 0.5215570 0.4758077 0.5063117 0.0467636 0.0489249 0.0460792 0.2317971 0.2107679 0.2209828 0.9214674 0.7473555 0.6829984 0.5375345 0.5212702 0.6298449 0.8939227 0.5878109 0.4844002 0.4800439 0.5308849 0.6798806 0.6786869 0.6779583 1.9531870 2.3337773 2.1810828 2.5298281 0.7555385 0.6830817 2.2513383 0.5278179 0.2095894 2.1142221 0.2108173 0.2011908 0.2009686 0.2036558 0.2339189 0.2617024 0.2043821 0.1194770 0.0495056 0.2093538 0.1663990 0.1960384 0.2234560 0.5290620 0.2009653 0.7011460 0.5205654 0.4941823 0.5422273 0.7011460 0.2053932 0.2340882 0.2381134 0.2322250 0.2334955 0.3074331 0.2569477 0.2039598 0.2018366 0.0460792 0.0477057 0.0503492 0.2335849 0.6228426 0.4569379 0.5912589 0.5984119 0.6084944 0.2060553 0.2223886 0.2167892 
61559_AAC96043_rbcL   0.2431049 0.2300587 0.2696010 0.0289065 0.0546347 0.0548872 0.0454606 0.0298222 0.0281294 0.0289462 0.0280895 0.1980074 0.0536678 0.0518188 0.0446205 0.0265348 0.0205797 0.0248435 0.0165739 0.0165930 0.0238945 0.0000000 0.0323555 0.0305807 0.0537656 0.0548429 0.0557879 0.0454578 0.0611518 0.0500103 0.0529649 0.0556323 0.0593341 0.0613426 0.0518384 0.2319838 0.2209856 0.2054942 0.2093815 0.2051770 0.2389348 0.2319838 0.2230715 0.2224149 0.6630108 0.7246279 0.6034930 0.4726196 0.4986037 0.5369667 0.4968857 0.4826535 0.5193070 0.4826535 0.5020676 0.0530525 0.0615620 0.0585908 0.2452267 0.2246894 0.2338171 0.8964960 0.7246279 0.6628703 0.5308912 0.5168288 0.6186253 0.8908782 0.5912438 0.4839356 0.4815930 0.5368567 0.6598573 0.6587121 0.6579890 1.9226809 2.1990198 2.0759641 2.4356879 0.7316521 0.6629988 2.1871676 0.5193923 0.2186346 1.9755482 0.2198771 0.2037018 0.2141356 0.2112062 0.2450569 0.2672269 0.2118402 0.1254926 0.0539629 0.2183902 0.1752756 0.2127943 0.2218005 0.5246007 0.2067017 0.6709435 0.5179612 0.4912525 0.5415302 0.6709435 0.2129767 0.2316546 0.2356428 0.2266057 0.2278600 0.3102643 0.2655360 0.2144679 0.2092658 0.0585908 0.0548116 0.0592822 0.2383015 0.6259504 0.4690575 0.5888712 0.6068599 0.6188459 0.2163634 0.2374717 0.2295086 
61560_AAC96044_rbcL   0.2391137 0.2218306 0.2643401 0.0174538 0.0495564 0.0543430 0.0335488 0.0182632 0.0150620 0.0142521 0.0166524 0.1954050 0.0362011 0.0388131 0.0335641 0.0166265 0.0158435 0.0208333 0.0198843 0.0232758 0.0141977 0.0323555 0.0000000 0.0134095 0.0352847 0.0379654 0.0494912 0.0344139 0.0540758 0.0405999 0.0505413 0.0505394 0.0561758 0.0561928 0.0474118 0.2271600 0.2149809 0.2071574 0.2110555 0.2101001 0.2262849 0.2271600 0.2227319 0.2257612 0.6554710 0.7531975 0.6038682 0.4947022 0.5152722 0.5407124 0.5113299 0.4750499 0.5227248 0.4750499 0.5121112 0.0487640 0.0509615 0.0480821 0.2387875 0.2147543 0.2263396 0.9257553 0.7531975 0.6784385 0.5437158 0.5264915 0.6317451 0.9086047 0.6033439 0.4748173 0.4855197 0.5370657 0.6753423 0.6741587 0.6734309 1.9375531 2.2767010 2.1819490 2.4701701 0.7602573 0.6785320 2.1898431 0.5338520 0.2195307 2.0564643 0.2207786 0.2086036 0.2033882 0.2070392 0.2375920 0.2640586 0.2030719 0.1179733 0.0504976 0.2192847 0.1673064 0.1984027 0.2300619 0.5350907 0.2083676 0.6978757 0.5265993 0.5037925 0.5485259 0.6978757 0.2115586 0.2331635 0.2371850 0.2338609 0.2351350 0.3086461 0.2630277 0.2026511 0.2005180 0.0480821 0.0514888 0.0541645 0.2382637 0.6233506 0.4577840 0.5917327 0.5988916 0.6089850 0.2124777 0.2326066 0.2220835 
61549_AAC96045_rbcL   0.2398173 0.2239879 0.2618068 0.0165750 0.0441031 0.0505951 0.0308679 0.0190449 0.0141963 0.0150412 0.0157782 0.1920178 0.0335270 0.0351935 0.0308817 0.0190225 0.0182302 0.0215942 0.0206609 0.0206654 0.0182315 0.0305807 0.0134095 0.0000000 0.0406002 0.0378878 0.0496545 0.0317621 0.0504480 0.0387761 0.0468492 0.0450626 0.0505899 0.0506047 0.0447316 0.2303662 0.2128360 0.2011692 0.2050373 0.2023187 0.2286998 0.2303662 0.2158781 0.2188604 0.6535672 0.7345030 0.5980350 0.4778169 0.4979195 0.5252990 0.4982825 0.4652841 0.5159240 0.4652841 0.4968963 0.0469262 0.0452410 0.0424389 0.2341764 0.2135816 0.2252075 0.9043657 0.7345030 0.6714029 0.5277792 0.5181705 0.6225339 0.8875550 0.5895889 0.4712533 0.4745402 0.5205757 0.6683340 0.6671639 0.6664357 1.9270454 2.3102302 2.1738933 2.4842829 0.7426298 0.6764673 2.2488223 0.5182153 0.2102421 2.0603661 0.2114739 0.2008490 0.1994613 0.2033139 0.2341040 0.2620699 0.1967411 0.1121603 0.0468988 0.2100053 0.1644932 0.1957541 0.2276366 0.5194783 0.2023723 0.6871307 0.5104087 0.4882021 0.5318225 0.6871307 0.2050562 0.2302915 0.2342816 0.2305955 0.2318610 0.3052776 0.2682540 0.1993202 0.1942127 0.0424389 0.0459924 0.0486289 0.2363590 0.6208042 0.4558197 0.5952717 0.5931014 0.6123672 0.2125576 0.2291210 0.2209537 
61582_AAC96046_rbcL   0.2331391 0.2132787 0.2524667 0.0395782 0.0232106 0.0258374 0.0378882 0.0369027 0.0370777 0.0415413 0.0388381 0.1713458 0.0343916 0.0343325 0.0379060 0.0414060 0.0395904 0.0377379 0.0457838 0.0486038 0.0396513 0.0537656 0.0352847 0.0406002 0.0000000 0.0094274 0.0332595 0.0370192 0.0257183 0.0191083 0.0249983 0.0240768 0.0275186 0.0275258 0.0226837 0.2191216 0.2083015 0.2042069 0.2080840 0.2002568 0.2187841 0.2191216 0.2162151 0.2170624 0.6050367 0.7441085 0.5653507 0.4529554 0.4911423 0.5108978 0.4943198 0.4621210 0.5098556 0.4621210 0.4967900 0.0224964 0.0208856 0.0183562 0.2206005 0.2020383 0.2163047 0.8745177 0.7441085 0.6475523 0.5147811 0.4831990 0.6191972 0.8718939 0.5501959 0.4531561 0.4472391 0.5065313 0.6458195 0.6447078 0.6434304 1.9566190 2.2894678 2.1718222 2.4592716 0.7435307 0.6489217 2.1331769 0.5094400 0.2140037 2.0984643 0.2164669 0.1987974 0.2009714 0.1999740 0.2215954 0.2564068 0.2048454 0.1000545 0.0241302 0.2152347 0.1517673 0.1935440 0.2261290 0.5099434 0.2054116 0.6879369 0.4919188 0.4605911 0.5124191 0.6879369 0.2043943 0.2287483 0.2340306 0.2282059 0.2294713 0.2989948 0.2538275 0.2044231 0.2023062 0.0183562 0.0232831 0.0257593 0.2252829 0.5926011 0.4424233 0.5481467 0.5603530 0.5706501 0.2011468 0.2230765 0.2133717 
61585_AAC96047_rbcL   0.2403797 0.2201016 0.2530471 0.0395157 0.0199480 0.0208126 0.0379799 0.0386618 0.0370191 0.0396778 0.0387766 0.1727607 0.0380671 0.0361785 0.0379978 0.0386517 0.0405885 0.0387227 0.0468186 0.0477007 0.0369614 0.0548429 0.0379654 0.0378878 0.0094274 0.0000000 0.0316747 0.0389420 0.0224061 0.0142099 0.0199871 0.0208025 0.0242058 0.0224733 0.0185388 0.2183218 0.2087421 0.2025980 0.2064587 0.2033183 0.2255484 0.2183218 0.2157971 0.2202635 0.6270778 0.7571419 0.5783045 0.4600301 0.4992751 0.5147938 0.4942238 0.4633605 0.5132505 0.4633605 0.5045799 0.0175248 0.0158945 0.0134239 0.2258974 0.2039208 0.2195408 0.8728045 0.7571419 0.6614700 0.5228682 0.4975220 0.6237942 0.8782421 0.5584914 0.4603694 0.4560627 0.5168996 0.6597132 0.6585671 0.6572784 1.9734085 2.3224450 2.1649252 2.4937163 0.7565009 0.6628580 2.1305676 0.5173924 0.2117257 2.1061735 0.2141856 0.2018455 0.1978516 0.2045455 0.2282177 0.2620414 0.2079501 0.0991219 0.0208202 0.2129553 0.1535231 0.1904907 0.2265623 0.5178740 0.2037983 0.7025871 0.5039287 0.4717696 0.5249505 0.7025871 0.2062842 0.2362530 0.2416608 0.2385757 0.2398679 0.3041292 0.2584515 0.2075180 0.2053931 0.0134239 0.0183085 0.0207507 0.2319544 0.5986335 0.4471143 0.5593568 0.5813022 0.5890068 0.2030239 0.2260928 0.2165812 
61584_AAC96048_rbcL   0.2347526 0.2180952 0.2537391 0.0504116 0.0341954 0.0369652 0.0449968 0.0495321 0.0496194 0.0541800 0.0496828 0.1837932 0.0504086 0.0448852 0.0450187 0.0504554 0.0467865 0.0456196 0.0496372 0.0488669 0.0485678 0.0557879 0.0494912 0.0496545 0.0332595 0.0316747 0.0000000 0.0406246 0.0385936 0.0282783 0.0343723 0.0351064 0.0387006 0.0378966 0.0347487 0.2141135 0.2128199 0.1997044 0.2035607 0.2004146 0.2230949 0.2141135 0.2107894 0.2116405 0.6299365 0.7389906 0.5999131 0.4492060 0.4953808 0.5120633 0.5000849 0.4700548 0.5133732 0.4700548 0.5110043 0.0352685 0.0361652 0.0344189 0.2254290 0.2071603 0.2208921 0.8891319 0.7389906 0.6471212 0.5253773 0.4943170 0.6336047 0.8948857 0.5656396 0.4573540 0.4602255 0.5143993 0.6429037 0.6418026 0.6405316 1.9268836 2.2704989 2.1151876 2.3868948 0.7377712 0.6412550 2.0592222 0.5198920 0.2127060 2.0409670 0.2139410 0.1989463 0.2113818 0.2015917 0.2247079 0.2583101 0.2013535 0.1113604 0.0369791 0.2139410 0.1619290 0.2027100 0.2214246 0.5164401 0.2009044 0.6838241 0.5089986 0.4709578 0.5163451 0.6838241 0.2033244 0.2278401 0.2331736 0.2255926 0.2268660 0.2962637 0.2494245 0.2039474 0.1988113 0.0344189 0.0326152 0.0368501 0.2278778 0.6143936 0.4595493 0.5727978 0.5927912 0.6078218 0.2000255 0.2291019 0.2141217 
61583_AAC96049_rbcL   0.2330466 0.2143628 0.2579883 0.0308236 0.0397046 0.0443154 0.0325753 0.0334407 0.0283688 0.0326314 0.0300760 0.1851856 0.0360903 0.0326719 0.0334217 0.0378753 0.0333981 0.0316066 0.0367908 0.0395305 0.0342188 0.0454578 0.0344139 0.0317621 0.0370192 0.0389420 0.0406246 0.0000000 0.0459699 0.0378235 0.0406469 0.0406153 0.0460641 0.0461122 0.0420167 0.2154671 0.2077144 0.2025771 0.2064613 0.1998446 0.2245483 0.2154671 0.2183225 0.2179290 0.6363721 0.7442464 0.6075076 0.4741978 0.4937146 0.5127300 0.5004476 0.4705991 0.5087553 0.4705991 0.4934046 0.0406716 0.0452470 0.0434395 0.2225940 0.2127712 0.2198237 0.9039074 0.7442464 0.6711783 0.5152517 0.4981542 0.6193214 0.9096980 0.5642427 0.4757279 0.4639816 0.5195117 0.6742762 0.6705642 0.6749742 1.9415315 2.4293440 2.1539843 2.4434044 0.7576992 0.6725119 2.2240002 0.5103818 0.2119446 2.1089864 0.2131821 0.1983806 0.2011040 0.2029018 0.2290861 0.2566713 0.2014422 0.1052297 0.0433705 0.2131821 0.1636986 0.1926304 0.2227127 0.5157728 0.2037847 0.6886064 0.5110288 0.4812855 0.5273853 0.6886064 0.2046414 0.2263356 0.2303123 0.2232094 0.2244741 0.2961933 0.2563850 0.2010263 0.1988965 0.0434395 0.0415617 0.0441736 0.2259779 0.6309120 0.4558847 0.5856205 0.6007593 0.6019263 0.2048556 0.2251416 0.2181500 
61563_AAC96050_rbcL   0.2431515 0.2214879 0.2601718 0.0519752 0.0085687 0.0165163 0.0449820 0.0510965 0.0511864 0.0530258 0.0530204 0.1779895 0.0503908 0.0448705 0.0450028 0.0530596 0.0484421 0.0474335 0.0548975 0.0559176 0.0521753 0.0611518 0.0540758 0.0504480 0.0257183 0.0224061 0.0385936 0.0459699 0.0000000 0.0158017 0.0173537 0.0093727 0.0126120 0.0093793 0.0184175 0.2103943 0.1969357 0.1937655 0.1975300 0.1913399 0.2136236 0.2103943 0.2020720 0.2029128 0.6284100 0.7265025 0.5758335 0.4321540 0.4676351 0.4903032 0.4803054 0.4523252 0.4947778 0.4523252 0.4851448 0.0173432 0.0207025 0.0181963 0.2107270 0.1878609 0.2047418 0.8533209 0.7265025 0.6251110 0.5066959 0.4681120 0.6072504 0.8535137 0.5441214 0.4421064 0.4482088 0.4987915 0.6280583 0.6269887 0.6257236 1.9478819 2.3058132 2.0706669 2.4120361 0.7312134 0.6311116 2.0614338 0.5014734 0.1980460 2.1014129 0.1992356 0.1899265 0.1976333 0.1894235 0.2321206 0.2647906 0.1952447 0.1015032 0.0173206 0.1992356 0.1539469 0.1941982 0.2158580 0.4962706 0.1949390 0.6746523 0.4862652 0.4569897 0.5066379 0.6746523 0.1910682 0.2278516 0.2318409 0.2269254 0.2281829 0.2996460 0.2553766 0.1977592 0.1927794 0.0181963 0.0069944 0.0077802 0.2369082 0.5963983 0.4465398 0.5569791 0.5715791 0.5935065 0.1952122 0.2136759 0.2074103 
61564_AAC96051_rbcL   0.2349311 0.2137155 0.2508218 0.0402475 0.0166121 0.0158480 0.0369792 0.0393950 0.0377563 0.0404123 0.0395117 0.1711081 0.0421879 0.0368617 0.0369964 0.0430946 0.0360116 0.0376304 0.0438966 0.0448974 0.0412663 0.0500103 0.0405999 0.0387761 0.0191083 0.0142099 0.0282783 0.0378235 0.0158017 0.0000000 0.0117898 0.0174379 0.0208006 0.0174628 0.0118937 0.2168702 0.1981181 0.1963215 0.2001229 0.1938729 0.2194874 0.2168702 0.2074345 0.2082791 0.6223537 0.7363060 0.5696811 0.4440422 0.4821878 0.5004518 0.4855742 0.4480426 0.5081445 0.4480426 0.4943865 0.0117826 0.0159118 0.0134384 0.2166349 0.1952583 0.2104435 0.8717180 0.7363060 0.6521896 0.5162811 0.4851008 0.6086670 0.8787663 0.5495201 0.4459874 0.4483393 0.5061700 0.6479306 0.6468134 0.6455339 1.9562216 2.2903679 2.0542662 2.4533574 0.7463427 0.6510401 2.0943535 0.5109152 0.1992354 2.0426908 0.2004329 0.1924435 0.1950910 0.1895772 0.2233082 0.2632625 0.1930558 0.1002288 0.0142041 0.2004329 0.1526202 0.1892363 0.2203889 0.5075261 0.1975056 0.6946054 0.4934699 0.4619470 0.5140951 0.6946054 0.1912326 0.2282504 0.2322346 0.2260297 0.2272932 0.2968704 0.2466594 0.1955779 0.1905829 0.0134384 0.0149946 0.0174233 0.2279780 0.5979531 0.4510420 0.5509678 0.5802063 0.5871974 0.1980429 0.2149839 0.2106517 
61562_AAC96052_rbcL   0.2398426 0.2183700 0.2556103 0.0483409 0.0165575 0.0054398 0.0415550 0.0474700 0.0458084 0.0503942 0.0476132 0.1669964 0.0469258 0.0414529 0.0415750 0.0477802 0.0431063 0.0439850 0.0468151 0.0478004 0.0485249 0.0529649 0.0505413 0.0468492 0.0249983 0.0199871 0.0343723 0.0406469 0.0173537 0.0117898 0.0000000 0.0173927 0.0190866 0.0174052 0.0079092 0.2095597 0.1976902 0.1883406 0.1894975 0.1859418 0.2117447 0.2095597 0.2033467 0.2041818 0.6349993 0.7536233 0.5835844 0.4390595 0.4876299 0.5026185 0.4853767 0.4551438 0.5166295 0.4551438 0.4934572 0.0046487 0.0174709 0.0149921 0.2082119 0.1887581 0.2059624 0.8777442 0.7536233 0.6591580 0.5113849 0.4880186 0.6099804 0.8816394 0.5444754 0.4530730 0.4517214 0.5052222 0.6525212 0.6513939 0.6501121 2.0135530 2.3282075 2.0100077 2.4492695 0.7583928 0.6556411 2.1134667 0.5060825 0.1987993 2.0817665 0.1999878 0.1845497 0.2018908 0.1837643 0.2296679 0.2653852 0.1872492 0.1048661 0.0054304 0.1999878 0.1530271 0.1959415 0.2157532 0.5171664 0.1895025 0.6955969 0.4951503 0.4610288 0.5158478 0.6955969 0.1853786 0.2246498 0.2298559 0.2199682 0.2212123 0.3015759 0.2548407 0.1897244 0.1848226 0.0149921 0.0133499 0.0157352 0.2318545 0.6044447 0.4604723 0.5623381 0.5890504 0.5992098 0.1941227 0.2144239 0.2031248 
