126
191650_BAC66999_rbcL  0.0000000 0.0343359 0.1189895 0.2345875 0.2303154 0.2300232 0.2355309 0.2356652 0.2364034 0.2358305 0.2317171 0.2469159 0.2387183 0.2318402 0.2351875 0.2394724 0.2375014 0.2359070 0.2357528 0.2387992 0.2372725 0.2414667 0.2356860 0.2349458 0.2291841 0.2366609 0.2312920 0.2295080 0.2345150 0.2313827 0.2326398 0.2293772 0.2409801 0.2398251 0.2293092 0.2419901 0.2159838 0.2225574 0.2265566 0.2196176 0.2334919 0.2419901 0.2443185 0.2412579 0.5868071 0.7323543 0.5947065 0.4485951 0.4980284 0.5147942 0.5015179 0.5054038 0.5085681 0.5054038 0.5165199 0.2297936 0.2410675 0.2353648 0.2344304 0.2291983 0.2453591 0.7598332 0.7323543 0.6657643 0.5087735 0.4779387 0.5912322 0.8028006 0.5530581 0.4786154 0.4604067 0.4950311 0.6641046 0.6597455 0.6637331 1.8439382 2.0618358 1.8663170 2.0855320 0.7337923 0.6783083 1.9934279 0.5305837 0.2272730 1.8056511 0.2268206 0.2165849 0.2431374 0.2143126 0.1619717 0.1710073 0.2210350 0.2173918 0.2285863 0.2285208 0.2295527 0.2287153 0.2111191 0.5274964 0.2237826 0.6679912 0.5083855 0.4849528 0.5051870 0.6679912 0.2139585 0.2282951 0.2332558 0.2239690 0.2252040 0.1659260 0.1160121 0.2227740 0.2208909 0.2331458 0.2303858 0.2288538 0.1716756 0.5907537 0.4727272 0.5841222 0.6054829 0.5576732 0.2190957 0.2263758 0.2401012 
41968_BAC67001_rbcL   0.0343359 0.0000000 0.1047397 0.2226365 0.2114864 0.2112144 0.2148337 0.2236431 0.2156326 0.2211181 0.2195667 0.2283325 0.2215587 0.2150140 0.2120939 0.2221318 0.2194838 0.2209913 0.2248108 0.2264435 0.2188006 0.2306820 0.2205746 0.2214038 0.2101283 0.2171749 0.2168067 0.2128674 0.2151454 0.2121636 0.2133870 0.2101922 0.2182888 0.2200915 0.2118974 0.2257829 0.2076203 0.2031199 0.2069272 0.2003357 0.2185628 0.2257829 0.2340346 0.2307634 0.5889914 0.7311202 0.5955207 0.4514825 0.4872049 0.5007453 0.4942085 0.4668846 0.4913601 0.4668846 0.4948602 0.2106643 0.2212862 0.2159154 0.2282362 0.2155934 0.2322762 0.7676567 0.7311202 0.6556693 0.4939482 0.4652689 0.5647990 0.7834678 0.5641664 0.4598450 0.4503191 0.4963767 0.6589476 0.6546332 0.6585817 1.8369548 2.1200268 1.9625970 2.1150231 0.7332691 0.6729995 2.0580463 0.5046423 0.2065277 1.8830966 0.2046679 0.1974754 0.2311249 0.1992997 0.1503186 0.1526349 0.2059822 0.2026242 0.2099461 0.2077168 0.2271940 0.2144923 0.2105599 0.5102031 0.2019351 0.6598773 0.5032549 0.4728507 0.5022719 0.6598773 0.1989086 0.2228816 0.2277823 0.2202969 0.2215197 0.1552236 0.1033281 0.2076299 0.2058529 0.2141957 0.2079152 0.2100869 0.1493549 0.5807797 0.4555866 0.5874530 0.5984003 0.5597828 0.2070891 0.2156056 0.2256540 
58829_BAC67011_rbcL   0.1189895 0.1047397 0.0000000 0.2541119 0.2507623 0.2422967 0.2478420 0.2510419 0.2533273 0.2615222 0.2538956 0.2652463 0.2585451 0.2512788 0.2453378 0.2511686 0.2610395 0.2604055 0.2709472 0.2660046 0.2585236 0.2673954 0.2601939 0.2559304 0.2495407 0.2501160 0.2491642 0.2536691 0.2500356 0.2460386 0.2469522 0.2513664 0.2547196 0.2553137 0.2422798 0.2627666 0.2424084 0.2268478 0.2280808 0.2314498 0.2594909 0.2627666 0.2777529 0.2730843 0.5836225 0.7894247 0.6031041 0.4768849 0.5279235 0.5265474 0.5277859 0.5111020 0.5510418 0.5111020 0.5356801 0.2475766 0.2510842 0.2452240 0.2829190 0.2632893 0.2700775 0.7871360 0.7894247 0.6690161 0.5259579 0.4862153 0.5705871 0.8621377 0.5450016 0.5095535 0.4958668 0.5070270 0.6618250 0.6599833 0.6565722 1.8403300 2.0856899 1.8644616 1.9617545 0.8088543 0.6635048 1.9726309 0.5367641 0.2385454 1.8663587 0.2364675 0.2283140 0.2334315 0.2320061 0.1834007 0.1725490 0.2368552 0.2437882 0.2439654 0.2398122 0.2684030 0.2206228 0.2432571 0.5469067 0.2255977 0.6745418 0.5144888 0.4976596 0.5205289 0.6745418 0.2316999 0.2536826 0.2602340 0.2565736 0.2578767 0.1835790 0.0556069 0.2433036 0.2341376 0.2429303 0.2494633 0.2478637 0.1806129 0.5780285 0.5039101 0.5879063 0.6184705 0.5829546 0.2623319 0.2510790 0.2605176 
301181_BAD98508_rbcL  0.2345875 0.2226365 0.2541119 0.0000000 0.0484539 0.0521351 0.0335113 0.0038726 0.0038678 0.0117573 0.0054303 0.1957080 0.0361349 0.0361062 0.0325299 0.0203486 0.0186119 0.0195211 0.0211766 0.0229440 0.0185749 0.0287280 0.0178626 0.0161282 0.0397020 0.0396318 0.0517997 0.0315919 0.0504694 0.0412815 0.0476706 0.0478019 0.0535121 0.0524473 0.0464712 0.2177393 0.2113470 0.2038583 0.2077681 0.2033627 0.2230329 0.2177393 0.2100734 0.2130548 0.6257469 0.7104335 0.5810701 0.4603535 0.4668594 0.4865443 0.4798163 0.4415050 0.4984668 0.4415050 0.4792172 0.0477557 0.0470588 0.0441675 0.2316274 0.2149716 0.2154436 0.8490895 0.7104335 0.6456040 0.4970438 0.4797369 0.5986759 0.8363190 0.5667335 0.4568305 0.4606694 0.4912326 0.6426305 0.6366996 0.6408355 2.0345598 2.4740876 2.2225314 2.6110935 0.7241963 0.6456408 2.4326277 0.4914782 0.2131677 2.1853273 0.2139840 0.2018910 0.1964132 0.2011043 0.2272951 0.2504855 0.1972631 0.1131503 0.0493855 0.2129197 0.1610304 0.1913833 0.2206211 0.4895872 0.2050635 0.6702054 0.4813664 0.4605944 0.5022704 0.6702054 0.2028271 0.2298643 0.2339749 0.2269299 0.2281936 0.3001071 0.2592190 0.1998683 0.1947290 0.0458578 0.0493427 0.0519946 0.2297780 0.5990645 0.4360600 0.5710289 0.5815117 0.5823843 0.2039983 0.2320670 0.2095405 
140636_BAM65605_rbcL  0.2303154 0.2114864 0.2507623 0.0484539 0.0000000 0.0149609 0.0406203 0.0475798 0.0459163 0.0477331 0.0477296 0.1733988 0.0451973 0.0396292 0.0397531 0.0469823 0.0395273 0.0394497 0.0459526 0.0469564 0.0432381 0.0522205 0.0480063 0.0433437 0.0203226 0.0170168 0.0323340 0.0379445 0.0087572 0.0144750 0.0152932 0.0023637 0.0104173 0.0087854 0.0193035 0.2077617 0.1969859 0.1942732 0.1981146 0.1916587 0.2063585 0.2077617 0.2069145 0.2077381 0.6166957 0.7262239 0.5677083 0.4233356 0.4388297 0.4624448 0.4538209 0.4276298 0.4868794 0.4276298 0.4653794 0.0144695 0.0186835 0.0161338 0.2138197 0.1936774 0.1962803 0.8179556 0.7262239 0.6308770 0.4699228 0.4525935 0.5941571 0.8158170 0.5203136 0.4306452 0.4363865 0.4669840 0.6293829 0.6235903 0.6270258 2.1197989 2.4996015 2.2332703 2.6719225 0.7330288 0.6323542 2.3243619 0.4692893 0.1957796 2.2447980 0.1966000 0.1902262 0.1961346 0.1867263 0.2239955 0.2561256 0.1928690 0.1024770 0.0165938 0.1969779 0.1556080 0.1925693 0.2199765 0.4668000 0.1954612 0.6645722 0.4548798 0.4256388 0.4746629 0.6645722 0.1883736 0.2247504 0.2301227 0.2197295 0.2209827 0.2924383 0.2477326 0.1954332 0.1903739 0.0157927 0.0046524 0.0085820 0.2254759 0.5851768 0.4361310 0.5452253 0.5730674 0.5836891 0.1971039 0.2142169 0.1948416 
408845_BAM65606_rbcL  0.2300232 0.2112144 0.2422967 0.0521351 0.0149609 0.0000000 0.0434888 0.0512527 0.0495792 0.0533035 0.0514154 0.1639538 0.0481897 0.0425374 0.0426727 0.0499955 0.0442024 0.0441122 0.0480335 0.0490521 0.0497920 0.0543642 0.0528632 0.0481088 0.0229592 0.0178754 0.0351291 0.0426170 0.0144200 0.0136853 0.0047567 0.0161332 0.0178601 0.0161447 0.0103354 0.2044562 0.1970521 0.1890097 0.1901834 0.1864223 0.2031702 0.2044562 0.2041089 0.2049325 0.6115053 0.7191819 0.5650516 0.4179290 0.4455289 0.4582807 0.4500128 0.4209677 0.4785405 0.4209677 0.4581143 0.0063602 0.0162059 0.0136796 0.2109623 0.1889583 0.1961648 0.8116534 0.7191819 0.6298765 0.4670736 0.4466269 0.5729417 0.8137227 0.5076419 0.4184175 0.4269446 0.4596083 0.6283859 0.6226123 0.6260357 2.1387478 2.5052048 2.1980991 2.6390360 0.7259576 0.6313500 2.3419868 0.4638654 0.1985255 2.2176286 0.1993454 0.1850089 0.1925623 0.1841506 0.2203121 0.2527528 0.1879308 0.0977014 0.0062280 0.1997298 0.1481719 0.1866098 0.2159360 0.4668954 0.1901880 0.6637370 0.4501831 0.4210208 0.4697953 0.6637370 0.1857867 0.2243676 0.2297517 0.2193363 0.2205926 0.2934143 0.2411395 0.1904754 0.1854538 0.0133911 0.0117616 0.0141412 0.2246513 0.5802140 0.4264521 0.5405807 0.5725457 0.5787481 0.1956002 0.2170897 0.1916991 
408846_BAM65607_rbcL  0.2355309 0.2148337 0.2478420 0.0335113 0.0406203 0.0434888 0.0000000 0.0361735 0.0310369 0.0345328 0.0327672 0.1877085 0.0103898 0.0103739 0.0031641 0.0333736 0.0324428 0.0306970 0.0351742 0.0342413 0.0342719 0.0448077 0.0335302 0.0316432 0.0370772 0.0371704 0.0452869 0.0325138 0.0442422 0.0370391 0.0398384 0.0407050 0.0463039 0.0463153 0.0376917 0.2149324 0.2000898 0.1891030 0.1929039 0.1886506 0.2166513 0.2149324 0.2164787 0.2157989 0.6299327 0.7173590 0.5904181 0.4387160 0.4545448 0.4685925 0.4546860 0.4317665 0.4939967 0.4317665 0.4748261 0.0399091 0.0409077 0.0380711 0.2241883 0.2049650 0.2067557 0.8291442 0.7173590 0.6535664 0.4840712 0.4537296 0.5782684 0.8120748 0.5401474 0.4475184 0.4467453 0.4799648 0.6505647 0.6445837 0.6487574 2.0407284 2.5757373 2.1904444 2.6745404 0.7178223 0.6535820 2.2438052 0.4787448 0.2042875 2.2824029 0.2051053 0.1872331 0.1995265 0.1919204 0.2201347 0.2502690 0.1885096 0.1113704 0.0398028 0.2055029 0.1601958 0.1949787 0.2225133 0.4747980 0.1902805 0.6662248 0.4719781 0.4434506 0.4902457 0.6662248 0.1935920 0.2289698 0.2330586 0.2235004 0.2247555 0.2904397 0.2545897 0.1910636 0.1860236 0.0389852 0.0424941 0.0451192 0.2189161 0.5891936 0.4275001 0.5697351 0.6000840 0.5980646 0.1966988 0.2202700 0.2028584 
408847_BAM65609_rbcL  0.2356652 0.2236431 0.2510419 0.0038726 0.0475798 0.0512527 0.0361735 0.0000000 0.0062232 0.0141887 0.0078011 0.1962856 0.0370089 0.0388569 0.0352415 0.0211818 0.0211621 0.0220898 0.0237589 0.0255524 0.0194613 0.0296712 0.0186917 0.0186553 0.0369493 0.0387563 0.0508939 0.0342896 0.0495729 0.0404054 0.0467806 0.0469094 0.0526055 0.0515450 0.0446848 0.2187164 0.2120171 0.2044922 0.2084174 0.2039934 0.2201827 0.2187164 0.2138212 0.2168397 0.6201922 0.7254753 0.5787196 0.4691072 0.4776769 0.4957319 0.4862180 0.4491339 0.5051394 0.4491339 0.4877642 0.0468641 0.0461647 0.0432822 0.2327088 0.2159472 0.2161392 0.8603446 0.7254753 0.6535645 0.5058810 0.4883787 0.6060379 0.8414329 0.5735396 0.4651095 0.4689567 0.5000999 0.6499353 0.6445366 0.6481198 2.0564271 2.4818149 2.2473301 2.6564854 0.7394419 0.6529674 2.4455309 0.5001690 0.2138465 2.2158197 0.2146647 0.2025153 0.1973076 0.2020021 0.2283214 0.2513286 0.2005612 0.1136045 0.0485092 0.2135971 0.1610249 0.1922475 0.2216050 0.4982108 0.2057019 0.6720188 0.4900450 0.4656596 0.5112778 0.6720188 0.2037350 0.2309141 0.2350497 0.2279578 0.2292275 0.3044427 0.2561347 0.2031883 0.1980064 0.0449875 0.0484672 0.0511148 0.2305215 0.5936833 0.4439415 0.5658467 0.5762732 0.5800273 0.2077020 0.2328266 0.2102099 
408848_BAM65610_rbcL  0.2364034 0.2156326 0.2533273 0.0038678 0.0459163 0.0495792 0.0310369 0.0062232 0.0000000 0.0093985 0.0046589 0.1894101 0.0335891 0.0335626 0.0308646 0.0178928 0.0161717 0.0170678 0.0203820 0.0221464 0.0161396 0.0279348 0.0154146 0.0136983 0.0371410 0.0370753 0.0509901 0.0290756 0.0496659 0.0387263 0.0450855 0.0452097 0.0508883 0.0498342 0.0447871 0.2148178 0.2060152 0.1986486 0.2025223 0.1981681 0.2200415 0.2148178 0.2099494 0.2129278 0.6341396 0.7163057 0.5874324 0.4696321 0.4758167 0.4923617 0.4791231 0.4478528 0.5056390 0.4478528 0.4820369 0.0451659 0.0444607 0.0415901 0.2259158 0.2095248 0.2125054 0.8586202 0.7163057 0.6543161 0.5038918 0.4888938 0.5977215 0.8419921 0.5732466 0.4656429 0.4633937 0.5006086 0.6512980 0.6452849 0.6494813 2.0297997 2.4544980 2.2435522 2.6034815 0.7301271 0.6543298 2.4407801 0.4943518 0.2063149 2.1796059 0.2071344 0.1967147 0.1931048 0.1958301 0.2243137 0.2473290 0.1920819 0.1111844 0.0468429 0.2060739 0.1622326 0.1881059 0.2201844 0.4924377 0.1998448 0.6789425 0.4905595 0.4699484 0.5117762 0.6789425 0.1975285 0.2268380 0.2309122 0.2239411 0.2251984 0.2981095 0.2584406 0.1946628 0.1895705 0.0433268 0.0448628 0.0494462 0.2242858 0.6054866 0.4444874 0.5771826 0.5849473 0.5932263 0.2014044 0.2265042 0.2066469 
408849_BAM65611_rbcL  0.2358305 0.2211181 0.2615222 0.0117573 0.0477331 0.0533035 0.0345328 0.0141887 0.0093985 0.0000000 0.0109683 0.1930323 0.0390384 0.0407746 0.0344346 0.0179003 0.0161785 0.0187844 0.0186923 0.0221560 0.0161601 0.0296429 0.0137486 0.0137284 0.0407977 0.0388818 0.0547164 0.0325566 0.0505784 0.0405363 0.0488249 0.0470638 0.0547205 0.0517161 0.0466228 0.2152400 0.2029666 0.1981980 0.2020865 0.1977165 0.2204825 0.2152400 0.2120357 0.2150399 0.6408667 0.7218499 0.5892486 0.4591362 0.4675795 0.4852861 0.4684620 0.4434648 0.4883672 0.4434648 0.4736845 0.0451383 0.0483142 0.0453895 0.2308086 0.2084458 0.2097570 0.8531267 0.7218499 0.6500395 0.4952498 0.4793786 0.5851618 0.8260493 0.5749681 0.4494142 0.4532469 0.4894265 0.6470442 0.6410733 0.6452387 2.0806067 2.4990837 2.3106089 2.6784637 0.7305034 0.6500645 2.4432253 0.4858832 0.2078632 2.2459869 0.2086870 0.1962581 0.1970036 0.1947630 0.2308356 0.2515132 0.1910276 0.1157930 0.0505310 0.2076192 0.1629436 0.1919517 0.2144732 0.4840309 0.1993989 0.6795036 0.4795890 0.4593672 0.5004467 0.6795036 0.1964592 0.2257307 0.2297994 0.2260976 0.2273633 0.2960123 0.2566657 0.1906326 0.1885168 0.0470706 0.0486236 0.0522100 0.2282535 0.6015347 0.4289943 0.5777779 0.5911992 0.5966441 0.2028035 0.2234026 0.2070519 
408850_BAM65612_rbcL  0.2317171 0.2195667 0.2538956 0.0054303 0.0477296 0.0514154 0.0327672 0.0078011 0.0046589 0.0109683 0.0000000 0.1942003 0.0353761 0.0353479 0.0326316 0.0178665 0.0161482 0.0187487 0.0186908 0.0204394 0.0178059 0.0278929 0.0170422 0.0153144 0.0389480 0.0388789 0.0510598 0.0308303 0.0515373 0.0405333 0.0469307 0.0470603 0.0527769 0.0517123 0.0466193 0.2112559 0.2095148 0.2023000 0.2062160 0.2018068 0.2227127 0.2112559 0.2125093 0.2155202 0.6414557 0.7307622 0.5987664 0.4691040 0.4833472 0.4937839 0.4824031 0.4551870 0.5110874 0.4551870 0.4935361 0.0470147 0.0463135 0.0434214 0.2297463 0.2120972 0.2150984 0.8660312 0.7307622 0.6619111 0.5118178 0.4903138 0.6084323 0.8332971 0.5765270 0.4688658 0.4727118 0.5060660 0.6588542 0.6527694 0.6570184 2.0769300 2.4710478 2.2686061 2.6710846 0.7447944 0.6619050 2.4715098 0.5060171 0.2113332 2.1935054 0.2121535 0.2003342 0.1972821 0.2019771 0.2282965 0.2516183 0.1981074 0.1131583 0.0486623 0.2110861 0.1631604 0.1922223 0.2180917 0.5001385 0.2035077 0.6890540 0.4959013 0.4750749 0.5173195 0.6890540 0.2037100 0.2272524 0.2313374 0.2218176 0.2230743 0.3047797 0.2604221 0.2007255 0.1955609 0.0451287 0.0486201 0.0512766 0.2282504 0.6142254 0.4493422 0.5855668 0.5962324 0.6001308 0.2038978 0.2302370 0.2066818 
37425_BAI66345_rbcL   0.2469159 0.2283325 0.2652463 0.1957080 0.1733988 0.1639538 0.1877085 0.1962856 0.1894101 0.1930323 0.1942003 0.0000000 0.1924757 0.1838605 0.1862443 0.1898227 0.1862112 0.1830839 0.1905719 0.1951893 0.1832270 0.1958070 0.1946046 0.1924093 0.1684829 0.1699089 0.1827096 0.1841402 0.1747786 0.1695215 0.1623552 0.1745219 0.1783047 0.1752099 0.1585170 0.2279688 0.1804019 0.1724209 0.1713174 0.1715965 0.2352391 0.2279688 0.2351499 0.2334791 0.6149646 0.7573099 0.5908482 0.4915143 0.5467151 0.5462821 0.4945441 0.4809921 0.5238695 0.4809921 0.5243092 0.1598166 0.1743632 0.1712708 0.2410873 0.2287225 0.2350362 0.8267932 0.7573099 0.6816512 0.5205035 0.4992784 0.5815397 0.8334375 0.5639125 0.4726817 0.4700316 0.5223413 0.6644547 0.6560947 0.6620150 1.8583886 2.3177481 2.0285738 2.2757629 0.7571802 0.6626140 2.0922378 0.5183470 0.1753449 2.0473439 0.1761285 0.1714001 0.2633632 0.1897159 0.2092813 0.2614593 0.1926204 0.1783269 0.1624419 0.1764432 0.1565548 0.2619361 0.2163573 0.5196508 0.1735110 0.6670112 0.5255402 0.4877040 0.5444699 0.6670112 0.1901767 0.2269623 0.2314941 0.2292039 0.2304201 0.2751627 0.2582299 0.1922406 0.1925057 0.1717438 0.1668655 0.1721642 0.2080059 0.6085555 0.4681143 0.5786892 0.5908906 0.6075837 0.2123846 0.1910422 0.2362132 
61570_AAC96034_rbcL   0.2387183 0.2215587 0.2585451 0.0361349 0.0451973 0.0481897 0.0103898 0.0370089 0.0335891 0.0390384 0.0353761 0.1924757 0.0000000 0.0063607 0.0128800 0.0379478 0.0387774 0.0369356 0.0433316 0.0423942 0.0388352 0.0532212 0.0362480 0.0343793 0.0334886 0.0372564 0.0508500 0.0361201 0.0497710 0.0423853 0.0453116 0.0443647 0.0518538 0.0519072 0.0430820 0.2187946 0.2118784 0.2038370 0.2078300 0.2033310 0.2194134 0.2187946 0.2263213 0.2258925 0.6120357 0.7148959 0.5770979 0.4513529 0.4735117 0.4817739 0.4746243 0.4536629 0.5128958 0.4536629 0.4785520 0.0453928 0.0427027 0.0398471 0.2264084 0.2111008 0.2127767 0.8548331 0.7148959 0.6555567 0.4920362 0.4678045 0.5845261 0.8418163 0.5368938 0.4555040 0.4630167 0.4810985 0.6524786 0.6511014 0.6506266 2.0039877 2.4995400 2.1146879 2.6163525 0.7249485 0.6555673 2.2259499 0.4864503 0.2144303 2.1984589 0.2171195 0.2018283 0.2074109 0.2033439 0.2238155 0.2624543 0.2008948 0.1118787 0.0443573 0.2156925 0.1527863 0.1985280 0.2347998 0.4823214 0.2050678 0.6707606 0.4723656 0.4472935 0.4911338 0.6707606 0.2051112 0.2351346 0.2393746 0.2298192 0.2311127 0.2982372 0.2586511 0.2035699 0.1982937 0.0398471 0.0471474 0.0498611 0.2228313 0.5831777 0.4346552 0.5634645 0.5841183 0.5854827 0.2033349 0.2318004 0.2087042 
61571_AAC96035_rbcL   0.2318402 0.2150140 0.2512788 0.0361062 0.0396292 0.0425374 0.0103739 0.0388569 0.0335626 0.0407746 0.0353479 0.1838605 0.0063607 0.0000000 0.0128601 0.0396720 0.0377925 0.0351619 0.0432891 0.0423209 0.0405925 0.0513236 0.0389324 0.0360910 0.0334300 0.0353197 0.0451603 0.0326136 0.0441181 0.0369089 0.0397275 0.0388322 0.0461741 0.0461855 0.0374807 0.2120562 0.2027369 0.1979347 0.2018793 0.1974469 0.2202290 0.2120562 0.2190991 0.2186861 0.6074539 0.7081809 0.5727460 0.4431766 0.4611676 0.4776739 0.4704368 0.4452857 0.5043498 0.4452857 0.4745064 0.0397978 0.0407111 0.0378906 0.2193093 0.2043829 0.2112715 0.8347748 0.7081809 0.6400066 0.4878494 0.4644408 0.5778174 0.8257044 0.5241020 0.4476502 0.4516371 0.4769645 0.6370071 0.6356712 0.6351932 1.9534529 2.3987929 2.0635194 2.5092012 0.7147041 0.6400593 2.1398671 0.4823510 0.2052442 2.1206604 0.2078821 0.1959679 0.2018963 0.1943321 0.2159812 0.2546281 0.1920225 0.1091288 0.0387975 0.2064853 0.1501241 0.1931585 0.2265132 0.4782825 0.1991530 0.6669482 0.4645058 0.4398802 0.4869073 0.6669482 0.1960501 0.2241318 0.2282388 0.2200055 0.2212761 0.2901632 0.2513618 0.1946450 0.1894707 0.0378906 0.0415294 0.0441973 0.2150418 0.5787711 0.4315221 0.5591889 0.5797189 0.5766314 0.1967645 0.2221959 0.2072229 
61569_AAC96036_rbcL   0.2351875 0.2120939 0.2453378 0.0325299 0.0397531 0.0426727 0.0031641 0.0352415 0.0308646 0.0344346 0.0326316 0.1862443 0.0128800 0.0128601 0.0000000 0.0315990 0.0324531 0.0307066 0.0351857 0.0342524 0.0342830 0.0439413 0.0335410 0.0316532 0.0370895 0.0371828 0.0453030 0.0333782 0.0442568 0.0370514 0.0398520 0.0407190 0.0463205 0.0463320 0.0375991 0.2173776 0.2011605 0.1885903 0.1924641 0.1881303 0.2190081 0.2173776 0.2201077 0.2194007 0.6135029 0.6970475 0.5741122 0.4322217 0.4528342 0.4671128 0.4540713 0.4222383 0.4799589 0.4222383 0.4719768 0.0399227 0.0409218 0.0380839 0.2304714 0.2056247 0.2088378 0.8548004 0.6970475 0.6314323 0.4813760 0.4447158 0.5784588 0.8256734 0.5284613 0.4380742 0.4434239 0.4743851 0.6284893 0.6271817 0.6267038 1.9637647 2.3957447 2.1186331 2.5703514 0.7017128 0.6315085 2.1612694 0.4759782 0.2036594 2.1717871 0.2062876 0.1866864 0.2035071 0.1950062 0.2224510 0.2497801 0.1926803 0.1133102 0.0389188 0.2048964 0.1606742 0.1989742 0.2224590 0.4738606 0.1897906 0.6557346 0.4663225 0.4374888 0.4848173 0.6557346 0.1967322 0.2282445 0.2324161 0.2233050 0.2245895 0.2891563 0.2521872 0.1953133 0.1901184 0.0380839 0.0416598 0.0443375 0.2192072 0.5756650 0.4120240 0.5534872 0.5752860 0.5862272 0.2000769 0.2205337 0.2033353 
61548_AAC96037_rbcL   0.2394724 0.2221318 0.2511686 0.0203486 0.0469823 0.0499955 0.0333736 0.0211818 0.0178928 0.0179003 0.0178665 0.1898227 0.0379478 0.0396720 0.0315990 0.0000000 0.0145616 0.0163170 0.0170991 0.0171016 0.0178247 0.0263065 0.0170148 0.0186294 0.0415770 0.0387386 0.0518391 0.0388544 0.0515735 0.0442222 0.0471014 0.0479788 0.0537136 0.0537275 0.0448835 0.2136936 0.2121743 0.1973505 0.2012970 0.2001470 0.2203794 0.2136936 0.2107039 0.2137633 0.6321174 0.7240410 0.5920245 0.4700716 0.4791865 0.5009495 0.4881210 0.4490307 0.5054254 0.4490307 0.4899259 0.0471860 0.0481765 0.0452610 0.2367159 0.2104765 0.2152403 0.8965544 0.7240410 0.6562736 0.5125574 0.4885239 0.5987749 0.8743278 0.5825647 0.4634184 0.4733080 0.5002421 0.6531917 0.6518125 0.6513378 2.0521122 2.3602565 2.2373322 2.5580906 0.7395213 0.6562823 2.3774890 0.5026300 0.2121933 2.1811322 0.2148770 0.1986516 0.2084059 0.2031873 0.2408062 0.2544478 0.2023258 0.1195851 0.0461413 0.2119408 0.1647817 0.2046599 0.2190139 0.5011385 0.1985697 0.6742313 0.4899717 0.4710529 0.5116627 0.6742313 0.2043460 0.2259965 0.2330919 0.2275726 0.2288652 0.3095475 0.2550836 0.2050224 0.1997040 0.0452610 0.0471445 0.0507025 0.2346649 0.5866902 0.4411865 0.5730284 0.5808833 0.5979680 0.2099413 0.2321233 0.2092270 
61513_AAC96038_rbcL   0.2375014 0.2194838 0.2610395 0.0186119 0.0395273 0.0442024 0.0324428 0.0211621 0.0161717 0.0161785 0.0161482 0.1862112 0.0387774 0.0377925 0.0324531 0.0145616 0.0000000 0.0120776 0.0120306 0.0137166 0.0161398 0.0210514 0.0153739 0.0169805 0.0387891 0.0398138 0.0470953 0.0333382 0.0459099 0.0360149 0.0413837 0.0404870 0.0460534 0.0460647 0.0411039 0.2183861 0.2074664 0.1985692 0.2025275 0.1947585 0.2242163 0.2183861 0.2111710 0.2104912 0.6376059 0.7061404 0.5943077 0.4565739 0.4673836 0.4908608 0.4660411 0.4382767 0.4883073 0.4382767 0.4791701 0.0414568 0.0444264 0.0415571 0.2344916 0.2127374 0.2164649 0.8765305 0.7061404 0.6445180 0.5013189 0.4767230 0.5953705 0.8444614 0.5751609 0.4456889 0.4602786 0.4905509 0.6415002 0.6401543 0.6390614 2.0022750 2.3248362 2.2079868 2.5118587 0.7200940 0.6445584 2.3065291 0.4916636 0.2074844 2.0988472 0.2101436 0.1932900 0.2066648 0.1982951 0.2320051 0.2547424 0.1956449 0.1118443 0.0414579 0.2072373 0.1644642 0.2013644 0.2199449 0.4911686 0.1997914 0.6725774 0.4805141 0.4599021 0.5017898 0.6725774 0.2000422 0.2261706 0.2302910 0.2210318 0.2223032 0.3047303 0.2583899 0.1982972 0.1930650 0.0415571 0.0414220 0.0440826 0.2319412 0.5976804 0.4325195 0.5780575 0.5831199 0.6002757 0.2064153 0.2271917 0.2091348 
61556_AAC96039_rbcL   0.2359070 0.2209913 0.2604055 0.0195211 0.0394497 0.0441122 0.0306970 0.0220898 0.0170678 0.0187844 0.0187487 0.1830839 0.0369356 0.0351619 0.0307066 0.0163170 0.0120776 0.0000000 0.0162248 0.0179556 0.0186913 0.0245724 0.0213340 0.0212631 0.0377944 0.0388103 0.0468157 0.0323844 0.0458157 0.0385788 0.0432063 0.0403769 0.0459236 0.0459697 0.0420052 0.2122045 0.2029580 0.1948658 0.1988022 0.1943854 0.2205101 0.2122045 0.2075578 0.2068912 0.6275990 0.6849836 0.5914434 0.4394258 0.4465292 0.4690060 0.4583219 0.4317867 0.4723958 0.4317867 0.4591873 0.0432830 0.0443360 0.0414743 0.2298743 0.2070754 0.2128448 0.8459369 0.6849836 0.6385039 0.4805349 0.4625479 0.5749285 0.8232368 0.5514661 0.4308987 0.4394737 0.4707058 0.6306824 0.6293627 0.6288830 1.9285840 2.3281035 2.1430419 2.4407296 0.7050365 0.6337214 2.2104755 0.4713441 0.2029751 2.0802003 0.2056219 0.1929123 0.2063296 0.1912526 0.2345715 0.2545522 0.1909612 0.1109772 0.0432838 0.2027319 0.1631302 0.2010413 0.2147795 0.4695742 0.1960829 0.6499009 0.4619349 0.4420662 0.4816049 0.6499009 0.1929733 0.2271707 0.2326869 0.2207198 0.2220017 0.3029129 0.2638012 0.1935973 0.1883961 0.0414743 0.0413397 0.0439939 0.2319022 0.5859355 0.4189202 0.5644622 0.5621249 0.5885162 0.2006013 0.2225509 0.2068872 
61555_AAC96040_rbcL   0.2357528 0.2248108 0.2709472 0.0211766 0.0459526 0.0480335 0.0351742 0.0237589 0.0203820 0.0186923 0.0186908 0.1905719 0.0433316 0.0432891 0.0351857 0.0170991 0.0120306 0.0162248 0.0000000 0.0031707 0.0152993 0.0169493 0.0194996 0.0194546 0.0451324 0.0461962 0.0500366 0.0368116 0.0524808 0.0441112 0.0451651 0.0469070 0.0526053 0.0526593 0.0449360 0.2207637 0.2138536 0.2038904 0.2079124 0.2033806 0.2237841 0.2207637 0.2164879 0.2157886 0.6489360 0.7177609 0.6002709 0.4572128 0.4738139 0.4956477 0.4830892 0.4526264 0.4961520 0.4526264 0.4891733 0.0433733 0.0510144 0.0480625 0.2354100 0.2122050 0.2160055 0.9046163 0.7177609 0.6582622 0.5076961 0.4884600 0.6059547 0.8588161 0.5802328 0.4563286 0.4626305 0.4974211 0.6551671 0.6537812 0.6533064 2.0793439 2.3844175 2.2630962 2.6186205 0.7331734 0.6582656 2.3953273 0.5018438 0.2158161 2.1812977 0.2185287 0.2018671 0.2113929 0.2027070 0.2368774 0.2604155 0.2024618 0.1176568 0.0452464 0.2155588 0.1650003 0.2060142 0.2172192 0.4958995 0.2051301 0.6809915 0.4877487 0.4662988 0.5093314 0.6809915 0.2044890 0.2296980 0.2338906 0.2278114 0.2291079 0.3124030 0.2667658 0.2020213 0.1998336 0.0480625 0.0461108 0.0506126 0.2357901 0.6083491 0.4409375 0.5883696 0.5935086 0.5986733 0.2084185 0.2325759 0.2099569 
61554_AAC96041_rbcL   0.2387992 0.2264435 0.2660046 0.0229440 0.0469564 0.0490521 0.0342413 0.0255524 0.0221464 0.0221560 0.0204394 0.1951893 0.0423942 0.0423209 0.0342524 0.0171016 0.0137166 0.0179556 0.0031707 0.0000000 0.0187115 0.0169682 0.0229701 0.0194574 0.0480243 0.0470959 0.0492492 0.0396255 0.0535164 0.0451401 0.0461681 0.0479525 0.0516840 0.0536989 0.0459524 0.2234243 0.2164403 0.2032176 0.2072451 0.2027085 0.2264980 0.2234243 0.2184160 0.2177099 0.6489451 0.7231177 0.6008075 0.4528513 0.4723218 0.4941051 0.4815681 0.4522915 0.5059870 0.4522915 0.4856833 0.0462509 0.0500056 0.0470697 0.2410529 0.2176907 0.2186398 0.9059507 0.7231177 0.6539404 0.5061345 0.4813269 0.6019709 0.8615953 0.5816108 0.4654015 0.4682503 0.4971624 0.6508638 0.6494880 0.6490118 2.0671480 2.3700966 2.2311782 2.6026460 0.7285897 0.6539554 2.3607458 0.4983155 0.2151530 2.1687665 0.2178695 0.2011936 0.2117347 0.2020199 0.2423326 0.2635966 0.2017829 0.1199644 0.0462513 0.2148956 0.1693470 0.2063442 0.2198164 0.4924091 0.2044592 0.6725289 0.4874749 0.4613472 0.5090940 0.6725289 0.2038032 0.2287228 0.2329125 0.2234994 0.2247878 0.3189437 0.2686020 0.2044898 0.1991510 0.0470697 0.0471185 0.0516391 0.2387869 0.5993864 0.4495822 0.5882697 0.5940276 0.6062370 0.2099967 0.2353577 0.2125265 
61558_AAC96042_rbcL   0.2372725 0.2188006 0.2585236 0.0185749 0.0432381 0.0497920 0.0342719 0.0194613 0.0161396 0.0161601 0.0178059 0.1832270 0.0388352 0.0405925 0.0342830 0.0178247 0.0161398 0.0186913 0.0152993 0.0187115 0.0000000 0.0244476 0.0136909 0.0169777 0.0388541 0.0361001 0.0489301 0.0341768 0.0497127 0.0414130 0.0469111 0.0441829 0.0498305 0.0498813 0.0467065 0.2184167 0.2043104 0.1976733 0.2016320 0.2004787 0.2188019 0.2184167 0.2093788 0.2124291 0.6418527 0.7311626 0.5937329 0.4695128 0.4843829 0.4997565 0.4872725 0.4626133 0.5086461 0.4626133 0.4893019 0.0451158 0.0463883 0.0434900 0.2290913 0.2088646 0.2111259 0.8964049 0.7311626 0.6638791 0.5118604 0.4965423 0.6099995 0.8637261 0.5737574 0.4687023 0.4679637 0.5030831 0.6607564 0.6593559 0.6588823 2.0339478 2.3945387 2.2430595 2.6246780 0.7467655 0.6638677 2.3577966 0.5019684 0.2062166 2.1956509 0.2088859 0.1989784 0.1991229 0.1997493 0.2307686 0.2577105 0.2020317 0.1141382 0.0469953 0.2059693 0.1609272 0.1939439 0.2215287 0.4999593 0.1988960 0.6879053 0.4927839 0.4678478 0.5145140 0.6879053 0.2015140 0.2315329 0.2357476 0.2296356 0.2309361 0.3052402 0.2544801 0.2015938 0.1994127 0.0434900 0.0451677 0.0478601 0.2297145 0.6017094 0.4406202 0.5774892 0.5870562 0.5967214 0.2025940 0.2226497 0.2051626 
61559_AAC96043_rbcL   0.2414667 0.2306820 0.2673954 0.0287280 0.0522205 0.0543642 0.0448077 0.0296712 0.0279348 0.0296429 0.0278929 0.1958070 0.0532212 0.0513236 0.0439413 0.0263065 0.0210514 0.0245724 0.0169493 0.0169682 0.0244476 0.0000000 0.0322637 0.0295793 0.0533144 0.0544258 0.0563607 0.0457047 0.0588538 0.0503883 0.0514390 0.0532345 0.0570050 0.0590544 0.0512975 0.2272585 0.2193226 0.2035778 0.2075926 0.2030696 0.2306674 0.2272585 0.2190289 0.2183268 0.6504020 0.7083308 0.5941207 0.4566148 0.4736058 0.5062214 0.4801935 0.4696733 0.5064727 0.4696733 0.4849543 0.0515315 0.0592570 0.0562217 0.2429103 0.2232614 0.2241247 0.8713156 0.7083308 0.6433162 0.5052505 0.4920752 0.5987938 0.8607444 0.5772858 0.4683512 0.4698520 0.5091920 0.6403047 0.6389621 0.6384856 2.0007140 2.2497233 2.1312212 2.5222119 0.7223515 0.6433598 2.2873865 0.4935738 0.2154788 2.0449300 0.2181865 0.2015590 0.2127592 0.2074627 0.2422870 0.2634110 0.2096711 0.1202824 0.0515311 0.2152220 0.1700168 0.2112328 0.2198130 0.4955296 0.2048154 0.6568744 0.4903536 0.4650263 0.5140047 0.6568744 0.2092617 0.2289712 0.2331446 0.2237678 0.2250509 0.3083014 0.2633018 0.2123978 0.2070214 0.0562217 0.0524008 0.0569554 0.2345434 0.6051672 0.4530247 0.5753227 0.5961225 0.6077735 0.2131910 0.2382642 0.2179757 
61560_AAC96044_rbcL   0.2356860 0.2205746 0.2601939 0.0178626 0.0480063 0.0528632 0.0335302 0.0186917 0.0154146 0.0137486 0.0170422 0.1946046 0.0362480 0.0389324 0.0335410 0.0170148 0.0153739 0.0213340 0.0194996 0.0229701 0.0136909 0.0322637 0.0000000 0.0128947 0.0352919 0.0380500 0.0508444 0.0352963 0.0526207 0.0416708 0.0499352 0.0490095 0.0547771 0.0547914 0.0477279 0.2207513 0.2116094 0.2038123 0.2078245 0.2066624 0.2162198 0.2207513 0.2171220 0.2202351 0.6384379 0.7328644 0.5905560 0.4761923 0.4873049 0.5068315 0.4919801 0.4590673 0.5068267 0.4590673 0.4922733 0.0481168 0.0494303 0.0464817 0.2346539 0.2114666 0.2149941 0.8955546 0.7328644 0.6552978 0.5149909 0.4987204 0.6084225 0.8729318 0.5860986 0.4561617 0.4707862 0.5061950 0.6522200 0.6508431 0.6503680 2.0320917 2.3143588 2.2377530 2.5817081 0.7472036 0.6553091 2.3088286 0.5050126 0.2148628 2.1160467 0.2175742 0.2051358 0.2001113 0.2016869 0.2329566 0.2584008 0.1992375 0.1138369 0.0489630 0.2146061 0.1632162 0.1948966 0.2266968 0.5029761 0.2050490 0.6806642 0.4958108 0.4745503 0.5176949 0.6806642 0.2063013 0.2289655 0.2331547 0.2296898 0.2309899 0.3045972 0.2589200 0.1988060 0.1966177 0.0464817 0.0499806 0.0527162 0.2328880 0.5984881 0.4388285 0.5743907 0.5839167 0.5935360 0.2076834 0.2316085 0.2089578 
61549_AAC96045_rbcL   0.2349458 0.2214038 0.2559304 0.0161282 0.0433437 0.0481088 0.0316432 0.0186553 0.0136983 0.0137284 0.0153144 0.1924093 0.0343793 0.0360910 0.0316532 0.0186294 0.0169805 0.0212631 0.0194546 0.0194574 0.0169777 0.0295793 0.0128947 0.0000000 0.0398569 0.0370717 0.0500910 0.0316842 0.0498343 0.0388894 0.0452367 0.0443255 0.0499911 0.0500038 0.0440510 0.2225787 0.2108429 0.1990061 0.2029959 0.2000261 0.2187885 0.2225787 0.2114993 0.2145716 0.6367206 0.7140606 0.5843183 0.4587758 0.4722993 0.4912833 0.4789418 0.4492647 0.4996526 0.4492647 0.4765599 0.0453177 0.0426726 0.0398197 0.2313819 0.2116774 0.2139490 0.8736350 0.7140606 0.6484445 0.4987358 0.4900170 0.5987391 0.8514905 0.5715379 0.4523897 0.4593295 0.4899238 0.6453943 0.6440325 0.6435550 2.0094439 2.3354430 2.2160262 2.5811834 0.7294243 0.6534122 2.3612067 0.4890833 0.2067404 2.1083061 0.2094159 0.1985229 0.1974561 0.1992856 0.2308428 0.2579429 0.1941133 0.1089980 0.0462023 0.2064921 0.1615754 0.1935374 0.2256382 0.4871646 0.2002379 0.6693942 0.4798504 0.4591618 0.5012090 0.6693942 0.2010534 0.2245301 0.2286683 0.2248468 0.2261349 0.3028587 0.2627147 0.1967849 0.1915144 0.0398197 0.0452783 0.0479771 0.2310911 0.5955684 0.4366102 0.5777733 0.5783105 0.5967660 0.2091668 0.2295175 0.2079153 
61582_AAC96046_rbcL   0.2291841 0.2101283 0.2495407 0.0397020 0.0203226 0.0229592 0.0370772 0.0369493 0.0371410 0.0407977 0.0389480 0.1684829 0.0334886 0.0334300 0.0370895 0.0415770 0.0387891 0.0377944 0.0451324 0.0480243 0.0388541 0.0533144 0.0352919 0.0398569 0.0000000 0.0096432 0.0331968 0.0370679 0.0228614 0.0187122 0.0229749 0.0211963 0.0246801 0.0246854 0.0214878 0.2122036 0.2032064 0.1992640 0.2032391 0.1950578 0.2070202 0.2122036 0.2088502 0.2096927 0.5829987 0.7189999 0.5473323 0.4309396 0.4601853 0.4742935 0.4715615 0.4427428 0.4903827 0.4427428 0.4735510 0.0204323 0.0196495 0.0170729 0.2142562 0.1967733 0.2032724 0.8379312 0.7189999 0.6195951 0.4829614 0.4524251 0.5916672 0.8309271 0.5285270 0.4313070 0.4288138 0.4725084 0.6180882 0.6168084 0.6157246 2.0362188 2.3093056 2.2072007 2.5467557 0.7255494 0.6210835 2.2254764 0.4775470 0.2088830 2.1442390 0.2115472 0.1935774 0.1960056 0.1929300 0.2148965 0.2500202 0.1994796 0.0966526 0.0212469 0.2101353 0.1460697 0.1883207 0.2210608 0.4749316 0.2004912 0.6658826 0.4581922 0.4287545 0.4784505 0.6658826 0.1974180 0.2227628 0.2282252 0.2222692 0.2235562 0.2926382 0.2474901 0.1990518 0.1968860 0.0170729 0.0203901 0.0229017 0.2179868 0.5637547 0.4204135 0.5264940 0.5406552 0.5507084 0.1957402 0.2201433 0.1986215 
61585_AAC96047_rbcL   0.2366609 0.2171749 0.2501160 0.0396318 0.0170168 0.0178754 0.0371704 0.0387563 0.0370753 0.0388818 0.0388789 0.1699089 0.0372564 0.0353197 0.0371828 0.0387386 0.0398138 0.0388103 0.0461962 0.0470959 0.0361001 0.0544258 0.0380500 0.0370717 0.0096432 0.0000000 0.0315770 0.0390525 0.0195046 0.0137060 0.0178875 0.0178782 0.0213205 0.0195684 0.0172627 0.2113861 0.2036502 0.1975815 0.2015381 0.1981671 0.2138422 0.2113861 0.2083812 0.2129397 0.6053477 0.7322617 0.5605395 0.4379603 0.4681679 0.4780469 0.4714508 0.4439626 0.4937261 0.4439626 0.4812870 0.0153879 0.0145695 0.0120573 0.2196716 0.1986840 0.2065148 0.8361963 0.7322617 0.6335620 0.4908618 0.4664959 0.5962015 0.8372514 0.5368745 0.4384839 0.4377002 0.4826602 0.6320362 0.6307161 0.6296261 2.0551986 2.3443173 2.2017938 2.5846612 0.7388824 0.6350709 2.2211656 0.4853028 0.2065351 2.1531483 0.2091946 0.1966728 0.1927521 0.1975766 0.2216538 0.2557759 0.2026296 0.0956940 0.0178935 0.2077860 0.1478551 0.1851429 0.2214734 0.4826071 0.1988037 0.6808175 0.4698933 0.4396489 0.4906887 0.6808175 0.1993240 0.2304585 0.2360573 0.2329121 0.2342273 0.2979183 0.2522319 0.2021913 0.2000172 0.0120573 0.0153567 0.0178314 0.2247682 0.5696821 0.4250671 0.5378566 0.5620172 0.5693973 0.1976634 0.2232296 0.2018172 
61584_AAC96048_rbcL   0.2312920 0.2168067 0.2491642 0.0517997 0.0323340 0.0351291 0.0452869 0.0508939 0.0509901 0.0547164 0.0510598 0.1827096 0.0508500 0.0451603 0.0453030 0.0518391 0.0470953 0.0468157 0.0500366 0.0492492 0.0489301 0.0563607 0.0508444 0.0500910 0.0331968 0.0315770 0.0000000 0.0416955 0.0368086 0.0289677 0.0333909 0.0332596 0.0369227 0.0361021 0.0347081 0.2075142 0.2094746 0.1961968 0.2001652 0.1967801 0.2130951 0.2075142 0.2049512 0.2057993 0.6120717 0.7181259 0.5860306 0.4298096 0.4672231 0.4784198 0.4803918 0.4536966 0.4969678 0.4536966 0.4906859 0.0343064 0.0343260 0.0325456 0.2209608 0.2036473 0.2095416 0.8575535 0.7181259 0.6227142 0.4964205 0.4663462 0.6097853 0.8590081 0.5474453 0.4383636 0.4446938 0.4831691 0.6187001 0.6174228 0.6163423 2.0175373 2.3049849 2.1636232 2.4879391 0.7238496 0.6169829 2.1596219 0.4907986 0.2079091 2.0956355 0.2105872 0.1952826 0.2083443 0.1961505 0.2198178 0.2523916 0.1974864 0.1070708 0.0351662 0.2091682 0.1578069 0.1993497 0.2180029 0.4842254 0.1974232 0.6654896 0.4779414 0.4417334 0.4852685 0.6654896 0.1979017 0.2236566 0.2292080 0.2214007 0.2227017 0.2918586 0.2448502 0.2001673 0.1948789 0.0325456 0.0307254 0.0350374 0.2223225 0.5891673 0.4403541 0.5547622 0.5771822 0.5921631 0.1949686 0.2280929 0.2009990 
61583_AAC96049_rbcL   0.2295080 0.2128674 0.2536691 0.0315919 0.0379445 0.0426170 0.0325138 0.0342896 0.0290756 0.0325566 0.0308303 0.1841402 0.0361201 0.0326136 0.0333782 0.0388544 0.0333382 0.0323844 0.0368116 0.0396255 0.0341768 0.0457047 0.0352963 0.0316842 0.0370679 0.0390525 0.0416955 0.0000000 0.0443297 0.0387943 0.0397998 0.0388733 0.0444350 0.0444797 0.0421756 0.2087789 0.2041663 0.1990814 0.2030788 0.1961155 0.2143992 0.2087789 0.2126328 0.2122268 0.6187340 0.7235691 0.5940438 0.4551684 0.4656308 0.4791287 0.4807957 0.4542635 0.4923527 0.4542635 0.4731079 0.0398278 0.0435844 0.0417366 0.2178718 0.2093430 0.2083263 0.8726733 0.7235691 0.6476069 0.4864167 0.4701731 0.5954788 0.8736088 0.5462094 0.4570170 0.4485774 0.4884662 0.6508390 0.6469877 0.6516218 2.0357336 2.4774052 2.2071069 2.5506215 0.7444193 0.6489935 2.3449164 0.4814560 0.2070773 2.1714218 0.2097603 0.1946233 0.1976576 0.1974274 0.2241796 0.2507596 0.1975238 0.1008081 0.0416802 0.2083390 0.1595496 0.1888889 0.2191512 0.4837030 0.2003155 0.6705606 0.4800446 0.4519279 0.4963184 0.6705606 0.1991852 0.2219255 0.2260660 0.2187725 0.2200633 0.2917769 0.2520597 0.1970978 0.1949131 0.0417366 0.0398369 0.0425013 0.2203058 0.6059625 0.4367431 0.5679813 0.5854855 0.5861749 0.1998376 0.2239257 0.2049167 
61563_AAC96050_rbcL   0.2345150 0.2151454 0.2500356 0.0504694 0.0087572 0.0144200 0.0442422 0.0495729 0.0496659 0.0505784 0.0515373 0.1747786 0.0497710 0.0441181 0.0442568 0.0515735 0.0459099 0.0458157 0.0524808 0.0535164 0.0497127 0.0588538 0.0526207 0.0498343 0.0228614 0.0195046 0.0368086 0.0443297 0.0000000 0.0136511 0.0161033 0.0095803 0.0129006 0.0095870 0.0171281 0.2056764 0.1977396 0.1945870 0.1984984 0.1919250 0.2070528 0.2056764 0.2007273 0.2015674 0.6019535 0.6990577 0.5531817 0.4121617 0.4355234 0.4564752 0.4538946 0.4293336 0.4709577 0.4293336 0.4578080 0.0160924 0.0195023 0.0169460 0.2107964 0.1883578 0.1967256 0.8132296 0.6990577 0.6008574 0.4707542 0.4397981 0.5772254 0.8169159 0.5179024 0.4164222 0.4260213 0.4612293 0.6039929 0.6027513 0.6016715 2.0176557 2.3158516 2.1329859 2.5021068 0.7107105 0.6069544 2.1516862 0.4655407 0.1974839 2.1367160 0.2000771 0.1904665 0.1919809 0.1882245 0.2250320 0.2565036 0.1956829 0.0956190 0.0168942 0.1987065 0.1490029 0.1884058 0.2169886 0.4574550 0.1957964 0.6498964 0.4490214 0.4217663 0.4690042 0.6498964 0.1899085 0.2244219 0.2299141 0.2235101 0.2247988 0.2940104 0.2452898 0.1983047 0.1931324 0.0169460 0.0071468 0.0079503 0.2278511 0.5705107 0.4207543 0.5307844 0.5503549 0.5690608 0.1946609 0.2169191 0.1977404 
61564_AAC96051_rbcL   0.2313827 0.2121636 0.2460386 0.0412815 0.0144750 0.0136853 0.0370391 0.0404054 0.0387263 0.0405363 0.0405333 0.1695215 0.0423853 0.0369089 0.0370514 0.0442222 0.0360149 0.0385788 0.0441112 0.0451401 0.0414130 0.0503883 0.0416708 0.0388894 0.0187122 0.0137060 0.0289677 0.0387943 0.0136511 0.0000000 0.0103946 0.0153118 0.0187205 0.0153336 0.0113246 0.2101705 0.1942177 0.1925653 0.1964711 0.1899076 0.2093439 0.2101705 0.2014031 0.2022446 0.6041378 0.7156244 0.5551255 0.4245206 0.4540287 0.4669456 0.4655715 0.4312157 0.4915863 0.4312157 0.4739896 0.0103876 0.0137488 0.0112444 0.2118282 0.1913346 0.1989378 0.8399519 0.7156244 0.6279487 0.4873254 0.4570589 0.5845641 0.8425610 0.5309886 0.4267473 0.4326405 0.4750308 0.6238931 0.6225961 0.6215095 2.0514761 2.3287732 2.0996563 2.5604663 0.7328296 0.6269056 2.1986661 0.4818336 0.1939669 2.1002454 0.1965493 0.1884531 0.1914536 0.1837538 0.2182229 0.2573624 0.1888155 0.0956911 0.0120286 0.1951855 0.1481660 0.1853728 0.2167424 0.4753696 0.1937738 0.6767345 0.4624633 0.4326577 0.4829686 0.6767345 0.1854223 0.2238954 0.2280442 0.2216556 0.2229449 0.2923787 0.2418245 0.1914155 0.1862850 0.0112444 0.0128339 0.0152977 0.2222872 0.5725470 0.4317038 0.5326249 0.5644068 0.5710855 0.1928367 0.2132869 0.1974513 
61562_AAC96052_rbcL   0.2326398 0.2133870 0.2469522 0.0476706 0.0152932 0.0047567 0.0398384 0.0467806 0.0450855 0.0488249 0.0469307 0.1623552 0.0453116 0.0397275 0.0398520 0.0471014 0.0413837 0.0432063 0.0451651 0.0461681 0.0469111 0.0514390 0.0499352 0.0452367 0.0229749 0.0178875 0.0333909 0.0397998 0.0161033 0.0103946 0.0000000 0.0161440 0.0178721 0.0161556 0.0072551 0.2049410 0.1959020 0.1864309 0.1876193 0.1838143 0.2037617 0.2049410 0.1993769 0.2002113 0.6087005 0.7271478 0.5615681 0.4176237 0.4530612 0.4670210 0.4589052 0.4321214 0.4933224 0.4321214 0.4664352 0.0047503 0.0162168 0.0136888 0.2054165 0.1867117 0.1966270 0.8387641 0.7271478 0.6326868 0.4757390 0.4579515 0.5809686 0.8425558 0.5187404 0.4276556 0.4299057 0.4673694 0.6262384 0.6249350 0.6238475 2.1047418 2.3554811 2.0879484 2.5708092 0.7391467 0.6292568 2.2323269 0.4704320 0.1956495 2.1317680 0.1982300 0.1823871 0.1949304 0.1798522 0.2211174 0.2555538 0.1848971 0.0979628 0.0047506 0.1968667 0.1470512 0.1888169 0.2142509 0.4782044 0.1876239 0.6721420 0.4575796 0.4256031 0.4778966 0.6721420 0.1814926 0.2238784 0.2280047 0.2190770 0.2203561 0.2946689 0.2462730 0.1874634 0.1823987 0.0136888 0.0120217 0.0144547 0.2226322 0.5769321 0.4350982 0.5367547 0.5687220 0.5754521 0.1909152 0.2149703 0.1920787 
