123
3258_AAA57239_rbcL    0.0000000 0.0687630 0.0805803 0.0818222 0.0759875 0.0755703 0.0787781 0.0776820 0.0733977 0.0786764 0.0818008 0.0728979 0.0790357 0.0759212 0.0756926 0.0790180 0.0730147 0.0788660 0.0758334 0.0758575 0.0756776 0.0755459 0.0846488 0.0760914 0.0808498 0.0719776 0.0753270 0.0673705 0.0835367 0.0862485 0.0884269 0.0753342 0.0819442 0.0788347 0.1010854 0.0897547 0.0887459 0.2631594 0.0893242 0.2552419 0.1974954 0.0848771 0.0887577 0.1858118 0.2092729 0.2160141 0.1742479 0.1787581 0.0817561 0.0021824 0.2528452 0.0760193 0.0524076 0.0766464 0.0828502 0.0770160 0.2062300 0.0896875 0.2552419 0.0721550 0.9280230 0.9361489 0.8488799 0.9148288 0.0717431 0.0717431 0.0790670 0.0623146 0.0746312 0.0820373 0.2641896 0.0783498 0.0588697 0.0751618 0.2343529 0.2631594 0.0819426 0.1718623 0.0878321 0.0738134 0.0769874 0.0871957 0.0818635 0.0762524 0.0795927 0.0864904 0.1817243 0.1989356 0.2058071 0.1689073 0.1790680 0.1771102 0.1790680 0.2502919 0.1887312 0.0829592 0.0765138 0.0948546 0.0817907 0.0753270 0.0888596 0.8882113 0.2502919 0.2062300 0.2062300 0.1967545 0.2319732 0.2497271 0.1722698 0.1992333 0.2319732 0.2478362 0.2525363 0.2556705 0.0715112 0.0739261 0.0766464 0.0825158 0.0868887 0.0820938 0.0822624 0.8685786 0.1918189 
13333_AAA92149_rbcL   0.0687630 0.0000000 0.0622401 0.0838201 0.0727465 0.0698416 0.0776112 0.0666627 0.0673054 0.0697558 0.0782172 0.0728961 0.0754812 0.0805703 0.0802610 0.0810276 0.0779457 0.0755283 0.0697311 0.0669051 0.0695931 0.0639230 0.0726926 0.0725311 0.0719026 0.0609697 0.0537707 0.0449321 0.0494724 0.0519783 0.0541970 0.0637484 0.0752957 0.0722739 0.0929767 0.0758055 0.0782308 0.2376863 0.0616103 0.2490571 0.1955623 0.0592842 0.0517658 0.1754166 0.1975094 0.2076275 0.1570742 0.1707115 0.0521262 0.0715242 0.2461810 0.0807920 0.0586043 0.0497198 0.0877976 0.0707523 0.2039997 0.0616103 0.2490571 0.0802434 0.8408227 0.8663931 0.8204902 0.8545754 0.0226971 0.0226971 0.0495677 0.0616539 0.0272853 0.0342075 0.2449159 0.0843278 0.0657364 0.1008619 0.2296800 0.2376863 0.0810781 0.1670470 0.0810811 0.0697983 0.0760595 0.0864323 0.0827842 0.0799846 0.0834280 0.0494724 0.1707976 0.1910769 0.2049309 0.1536039 0.1647544 0.1592536 0.1647544 0.2269155 0.1918646 0.0668036 0.0692862 0.0780817 0.0626227 0.0537707 0.0645742 0.8073819 0.2269155 0.2039997 0.2039997 0.1976788 0.2163325 0.2264028 0.1614283 0.1983601 0.2163325 0.2244247 0.2292355 0.2320886 0.0997738 0.0471373 0.0497198 0.0785100 0.0747652 0.0731647 0.0868956 0.8210176 0.1898985 
13644_AAA92924_rbcL   0.0805803 0.0622401 0.0000000 0.0759789 0.0702262 0.0698441 0.0761756 0.0682448 0.0671961 0.0716102 0.0722443 0.0690871 0.0694601 0.0783870 0.0757368 0.0750694 0.0749137 0.0725928 0.0724991 0.0692933 0.0699454 0.0642522 0.0725878 0.0724783 0.0772154 0.0665966 0.0543691 0.0542636 0.0578715 0.0604636 0.0653084 0.0664727 0.0698696 0.0668859 0.0471736 0.0304456 0.0759521 0.2511837 0.0695981 0.2574256 0.2083725 0.0689124 0.0619147 0.1919376 0.2114472 0.2116781 0.1825739 0.1864181 0.0616146 0.0778480 0.2649432 0.0879269 0.0627544 0.0565683 0.0894129 0.0755780 0.2172722 0.0688454 0.2574256 0.0790897 0.8841679 0.9120641 0.8303996 0.8877037 0.0581588 0.0581588 0.0566313 0.0735390 0.0615869 0.0675053 0.2521524 0.0754273 0.0596179 0.1118676 0.2413318 0.2511837 0.0915693 0.1703259 0.0882273 0.0751324 0.0809069 0.0970126 0.0864380 0.0862514 0.0891591 0.0570572 0.1892898 0.2032976 0.2179828 0.1763064 0.1924277 0.1875170 0.1924277 0.2573826 0.2045484 0.0688923 0.0625284 0.0694985 0.0455591 0.0543691 0.0372518 0.8542004 0.2573826 0.2172722 0.2172722 0.2075641 0.2249250 0.2567932 0.1797131 0.2112121 0.2249250 0.2570749 0.2596388 0.2588213 0.1009282 0.0611037 0.0565683 0.0805806 0.0801456 0.0802598 0.0941103 0.8430408 0.2025980 
61570_AAC96034_rbcL   0.0818222 0.0838201 0.0759789 0.0000000 0.0095418 0.0167708 0.0243324 0.0240865 0.0191819 0.0344859 0.0321512 0.0320493 0.0346283 0.0242685 0.0193094 0.0143675 0.0243674 0.0267026 0.0167667 0.0316623 0.0241482 0.0242112 0.0290961 0.0340183 0.0391062 0.0245410 0.0592559 0.0714650 0.0759685 0.0787532 0.0730924 0.0291663 0.0218857 0.0193380 0.1026314 0.0930039 0.0855889 0.2381520 0.0702274 0.2293153 0.1749811 0.0718000 0.0704652 0.1706153 0.1876987 0.1893020 0.1639622 0.1702194 0.0683563 0.0818222 0.2495869 0.0953551 0.0739863 0.0581328 0.0636106 0.0217748 0.1837934 0.0702274 0.2293153 0.0509190 0.7461216 0.7916100 0.7532609 0.7691017 0.0690719 0.0690719 0.0655602 0.0777309 0.0716392 0.0741644 0.2422505 0.0813637 0.0631689 0.0959231 0.2240365 0.2381520 0.0216726 0.1454908 0.0290962 0.0316206 0.0119307 0.0216718 0.0216534 0.0292411 0.0192777 0.0759685 0.1725786 0.1804439 0.1920203 0.1621983 0.1559342 0.1693333 0.1559342 0.2238791 0.1627980 0.0852200 0.0842038 0.0884990 0.0854903 0.0592559 0.0848603 0.7414519 0.2238791 0.1837934 0.1837934 0.1772882 0.1991677 0.2204690 0.1611884 0.1851988 0.1991677 0.2249453 0.2297768 0.2248877 0.0964050 0.0660676 0.0581328 0.0193380 0.0316155 0.0291557 0.1029235 0.7268694 0.1690661 
61571_AAC96035_rbcL   0.0759875 0.0727465 0.0702262 0.0095418 0.0000000 0.0071235 0.0193235 0.0143246 0.0095354 0.0245026 0.0220691 0.0270102 0.0245224 0.0242338 0.0143772 0.0192071 0.0242860 0.0168400 0.0071439 0.0217245 0.0144054 0.0143965 0.0192856 0.0241607 0.0290699 0.0145916 0.0537290 0.0607376 0.0652646 0.0679887 0.0624640 0.0192704 0.0168974 0.0143976 0.0966408 0.0870368 0.0798203 0.2302055 0.0593662 0.2155005 0.1678897 0.0610218 0.0598742 0.1635204 0.1805538 0.1819826 0.1514108 0.1632405 0.0577196 0.0759875 0.2414413 0.0893633 0.0682347 0.0476121 0.0580731 0.0119883 0.1766254 0.0593662 0.2155005 0.0508333 0.7201982 0.7641127 0.7372164 0.7421298 0.0583481 0.0583481 0.0549879 0.0720090 0.0608907 0.0634030 0.2342374 0.0755555 0.0576802 0.0899304 0.2182754 0.2302055 0.0167342 0.1327356 0.0192251 0.0216963 0.0023648 0.0216415 0.0167196 0.0241897 0.0143536 0.0652646 0.1601057 0.1675555 0.1847104 0.1497798 0.1436099 0.1567646 0.1436099 0.2201576 0.1558301 0.0742293 0.0785069 0.0883247 0.0797021 0.0537290 0.0791110 0.7132080 0.2201576 0.1766254 0.1766254 0.1702092 0.1919516 0.2167638 0.1543953 0.1779811 0.1919516 0.2212032 0.2260343 0.2211467 0.0903826 0.0554265 0.0476121 0.0143976 0.0216927 0.0192631 0.0967377 0.7015544 0.1620259 
61569_AAC96036_rbcL   0.0755703 0.0698416 0.0698441 0.0167708 0.0071235 0.0000000 0.0168348 0.0166744 0.0119074 0.0243796 0.0219584 0.0268741 0.0243992 0.0265944 0.0191776 0.0264896 0.0266522 0.0167573 0.0143331 0.0240824 0.0167888 0.0167583 0.0216465 0.0265144 0.0314172 0.0169847 0.0509583 0.0579517 0.0624752 0.0651775 0.0597006 0.0216296 0.0242143 0.0216640 0.1018384 0.0859429 0.0769122 0.2274495 0.0589169 0.2128887 0.1611001 0.0605642 0.0571263 0.1563804 0.1733632 0.1768920 0.1445158 0.1565512 0.0600652 0.0755703 0.2398633 0.0888654 0.0677123 0.0499821 0.0658371 0.0143541 0.1697743 0.0589169 0.2128887 0.0505650 0.7254399 0.7696460 0.7504794 0.7475013 0.0609388 0.0609388 0.0573318 0.0691304 0.0634845 0.0659973 0.2314317 0.0751424 0.0572517 0.0869035 0.2153852 0.2274495 0.0239795 0.1316242 0.0215787 0.0240512 0.0047196 0.0289426 0.0239582 0.0265459 0.0215964 0.0624752 0.1535432 0.1607579 0.1777348 0.1432701 0.1368706 0.1498378 0.1368706 0.2246975 0.1491423 0.0736680 0.0756365 0.0853488 0.0792694 0.0509583 0.0786842 0.7184837 0.2246975 0.1697743 0.1697743 0.1634335 0.1850738 0.2141449 0.1475588 0.1710838 0.1850738 0.2257588 0.2233262 0.2257015 0.0873404 0.0577847 0.0499821 0.0216640 0.0240473 0.0216215 0.0959728 0.7066778 0.1552775 
61548_AAC96037_rbcL   0.0787781 0.0776112 0.0761756 0.0243324 0.0193235 0.0168348 0.0000000 0.0264364 0.0242242 0.0344295 0.0319941 0.0243810 0.0344598 0.0216034 0.0191599 0.0291930 0.0192965 0.0192558 0.0267306 0.0316773 0.0242676 0.0242236 0.0292035 0.0341431 0.0391234 0.0245537 0.0594921 0.0665252 0.0655362 0.0682705 0.0682090 0.0291806 0.0269097 0.0243172 0.1060132 0.0898642 0.0823853 0.2405141 0.0675961 0.2290484 0.1783604 0.0691905 0.0655822 0.1736244 0.1906835 0.1920597 0.1669033 0.1735510 0.0738289 0.0787781 0.2493257 0.0959301 0.0766628 0.0602676 0.0746374 0.0217863 0.1871976 0.0675961 0.2290484 0.0538493 0.7595593 0.7958335 0.7666983 0.7793655 0.0685797 0.0685797 0.0658210 0.0780418 0.0659535 0.0684633 0.2446199 0.0776787 0.0634901 0.0881617 0.2298514 0.2405141 0.0240948 0.1440348 0.0291104 0.0316357 0.0168017 0.0241074 0.0240733 0.0265247 0.0215773 0.0655362 0.1758614 0.1838409 0.1954806 0.1654612 0.1588304 0.1722726 0.1588304 0.2271937 0.1661345 0.0825811 0.0792916 0.0892309 0.0771962 0.0594921 0.0824117 0.7468367 0.2271937 0.1871976 0.1871976 0.1806583 0.1959179 0.2165033 0.1640941 0.1886243 0.1959179 0.2282795 0.2257913 0.2282209 0.0886090 0.0681771 0.0602676 0.0243172 0.0316305 0.0291700 0.1032948 0.7401419 0.1724289 
61513_AAC96038_rbcL   0.0776820 0.0666627 0.0682448 0.0240865 0.0143246 0.0166744 0.0264364 0.0000000 0.0095336 0.0119187 0.0143490 0.0167818 0.0119271 0.0239627 0.0190706 0.0289756 0.0291740 0.0192384 0.0143602 0.0244218 0.0144021 0.0121222 0.0170466 0.0219603 0.0269048 0.0173951 0.0536536 0.0606479 0.0633099 0.0660439 0.0605023 0.0170331 0.0245736 0.0219868 0.1005764 0.0851229 0.0779140 0.2319691 0.0592783 0.2173565 0.1700084 0.0609311 0.0578987 0.1656741 0.1825231 0.1858820 0.1535829 0.1653615 0.0557170 0.0776820 0.2395713 0.0892271 0.0681418 0.0455436 0.0633588 0.0145635 0.1786985 0.0592783 0.2173565 0.0558921 0.7451538 0.7656710 0.7561929 0.7675528 0.0578852 0.0578852 0.0529746 0.0719102 0.0604085 0.0629023 0.2359820 0.0722938 0.0576083 0.0969125 0.2201260 0.2319691 0.0190445 0.1324529 0.0169927 0.0145920 0.0118631 0.0239438 0.0190279 0.0167060 0.0142426 0.0633099 0.1622091 0.1696792 0.1867603 0.1519393 0.1457916 0.1589056 0.1457916 0.2257649 0.1580045 0.0722902 0.0766144 0.0864442 0.0777890 0.0536536 0.0772062 0.7149960 0.2257649 0.1786985 0.1786985 0.1723064 0.1938498 0.2214490 0.1565265 0.1800580 0.1938498 0.2268337 0.2243835 0.2267759 0.0919557 0.0534034 0.0455436 0.0219868 0.0194758 0.0170264 0.0965820 0.7260870 0.1641746 
61556_AAC96039_rbcL   0.0733977 0.0673054 0.0671961 0.0191819 0.0095354 0.0119074 0.0242242 0.0095336 0.0000000 0.0217000 0.0242658 0.0241638 0.0217861 0.0242406 0.0192906 0.0215785 0.0217235 0.0095659 0.0095402 0.0168126 0.0095567 0.0095808 0.0095451 0.0143507 0.0192459 0.0145959 0.0508016 0.0582186 0.0627619 0.0654779 0.0599727 0.0144279 0.0192978 0.0167857 0.0998186 0.0844310 0.0772740 0.2229837 0.0563944 0.2083737 0.1613401 0.0584915 0.0573860 0.1569582 0.1739783 0.1771490 0.1450492 0.1567846 0.0552160 0.0733977 0.2340561 0.0867565 0.0652008 0.0451131 0.0553639 0.0119918 0.1700219 0.0563944 0.2083737 0.0508468 0.7255965 0.7697944 0.7561612 0.7476524 0.0609768 0.0609768 0.0524935 0.0694552 0.0609817 0.0660399 0.2269621 0.0725055 0.0551785 0.0929332 0.2110822 0.2229837 0.0167956 0.1263169 0.0095457 0.0119695 0.0071156 0.0217218 0.0167809 0.0217581 0.0144061 0.0627619 0.1537702 0.1609980 0.1779914 0.1434876 0.1373753 0.1503850 0.1373753 0.2274514 0.1493704 0.0716797 0.0759882 0.0857557 0.0771477 0.0508016 0.0765718 0.7186446 0.2274514 0.1700219 0.1700219 0.1636745 0.1853304 0.2230977 0.1480941 0.1713338 0.1853304 0.2285358 0.2260506 0.2211972 0.0904035 0.0529163 0.0451131 0.0167857 0.0119675 0.0095639 0.0940757 0.7068401 0.1555121 
61555_AAC96040_rbcL   0.0786764 0.0697558 0.0716102 0.0344859 0.0245026 0.0243796 0.0344295 0.0119187 0.0217000 0.0000000 0.0071467 0.0143545 0.0144196 0.0243072 0.0215307 0.0344614 0.0367751 0.0266895 0.0216534 0.0350733 0.0267107 0.0245935 0.0295477 0.0345377 0.0396959 0.0280307 0.0571223 0.0641966 0.0724995 0.0753203 0.0695905 0.0245311 0.0373950 0.0346953 0.1042248 0.0907638 0.0817761 0.2403023 0.0682675 0.2291587 0.1788766 0.0698671 0.0669217 0.1742157 0.1943306 0.1951113 0.1581869 0.1672850 0.0675042 0.0786764 0.2499798 0.0903581 0.0716570 0.0570692 0.0715632 0.0249077 0.1877000 0.0682675 0.2291587 0.0566346 0.7595501 0.7805678 0.7624743 0.7840194 0.0663503 0.0663503 0.0646542 0.0756711 0.0634058 0.0659163 0.2443827 0.0732289 0.0608973 0.1042315 0.2301892 0.2403023 0.0314036 0.1369998 0.0295478 0.0271384 0.0219145 0.0364448 0.0313753 0.0240664 0.0264978 0.0724995 0.1707313 0.1785575 0.1959724 0.1603269 0.1568263 0.1635461 0.1568263 0.2377054 0.1666643 0.0758350 0.0804167 0.0904583 0.0818291 0.0571223 0.0812129 0.7290891 0.2377054 0.1877000 0.1877000 0.1811688 0.2029672 0.2332770 0.1611005 0.1891268 0.2029672 0.2312344 0.2362348 0.2387770 0.0960575 0.0595910 0.0570692 0.0346953 0.0321030 0.0296091 0.1005222 0.7401298 0.1729530 
61554_AAC96041_rbcL   0.0818008 0.0782172 0.0722443 0.0321512 0.0220691 0.0219584 0.0319941 0.0143490 0.0242658 0.0071467 0.0000000 0.0218098 0.0120130 0.0318940 0.0191503 0.0422351 0.0395053 0.0267470 0.0267763 0.0376920 0.0293262 0.0271376 0.0322140 0.0321716 0.0423064 0.0306658 0.0654611 0.0725561 0.0726523 0.0754790 0.0697369 0.0321883 0.0349285 0.0322421 0.1080658 0.0944579 0.0877491 0.2475559 0.0710869 0.2261701 0.1760013 0.0700146 0.0670627 0.1744988 0.1914777 0.1985475 0.1681648 0.1744287 0.0703067 0.0818008 0.2536602 0.0992543 0.0747506 0.0598370 0.0745920 0.0274821 0.1880875 0.0710869 0.2261701 0.0649345 0.7527032 0.7735025 0.7556576 0.7769970 0.0637917 0.0637917 0.0674386 0.0842635 0.0663516 0.0688754 0.2450508 0.0791548 0.0638288 0.0988440 0.2338099 0.2475559 0.0339264 0.1471091 0.0321094 0.0296983 0.0194944 0.0389968 0.0338955 0.0291256 0.0289990 0.0726523 0.1679312 0.1756772 0.1930667 0.1575212 0.1600490 0.1735478 0.1600490 0.2413205 0.1637983 0.0844578 0.0863153 0.0993060 0.0847407 0.0654611 0.0841051 0.7223572 0.2413205 0.1880875 0.1880875 0.1783065 0.2001233 0.2304995 0.1709837 0.1862351 0.2001233 0.2424712 0.2398255 0.2424087 0.0993393 0.0679692 0.0598370 0.0322421 0.0346797 0.0321766 0.1039102 0.7334328 0.1700786 
61558_AAC96042_rbcL   0.0728979 0.0728961 0.0690871 0.0320493 0.0270102 0.0268741 0.0243810 0.0167818 0.0241638 0.0143545 0.0218098 0.0000000 0.0193381 0.0217527 0.0239366 0.0320270 0.0265765 0.0241620 0.0241118 0.0376590 0.0292041 0.0271104 0.0320794 0.0370861 0.0422723 0.0306356 0.0546152 0.0669270 0.0696155 0.0724140 0.0723480 0.0270412 0.0349334 0.0322444 0.1017828 0.0882762 0.0792951 0.2383912 0.0710554 0.2331747 0.1766210 0.0726362 0.0696670 0.1719246 0.1921881 0.1929269 0.1615670 0.1649994 0.0702750 0.0728979 0.2495198 0.0841788 0.0691416 0.0598014 0.0691017 0.0274543 0.1854975 0.0710554 0.2331747 0.0541378 0.7694510 0.7969315 0.7720490 0.7928820 0.0694349 0.0694349 0.0674056 0.0731853 0.0664513 0.0689777 0.2424943 0.0711067 0.0552555 0.0979216 0.2281783 0.2383912 0.0239955 0.1356528 0.0320792 0.0296694 0.0244003 0.0289633 0.0239742 0.0215576 0.0239756 0.0696155 0.1741576 0.1821248 0.1938006 0.1637066 0.1601756 0.1669466 0.1601756 0.2330760 0.1643441 0.0786548 0.0779590 0.0879800 0.0759887 0.0546152 0.0787321 0.7446406 0.2330760 0.1854975 0.1854975 0.1789373 0.2008869 0.2286482 0.1588184 0.1869218 0.2008869 0.2265755 0.2316263 0.2341346 0.0898306 0.0623270 0.0598014 0.0322444 0.0346482 0.0321464 0.0941107 0.7497905 0.1706626 
61559_AAC96043_rbcL   0.0790357 0.0754812 0.0694601 0.0346283 0.0245224 0.0243992 0.0344598 0.0119271 0.0217861 0.0144196 0.0120130 0.0193381 0.0000000 0.0344472 0.0264758 0.0396654 0.0419858 0.0267113 0.0267406 0.0351050 0.0268184 0.0246135 0.0296688 0.0296301 0.0397324 0.0280549 0.0627421 0.0698425 0.0699336 0.0727482 0.0670345 0.0296451 0.0374292 0.0347261 0.1052281 0.0916269 0.0849697 0.2445431 0.0683473 0.2231198 0.1730017 0.0673012 0.0643668 0.1714816 0.1885184 0.1955284 0.1651969 0.1714540 0.0675824 0.0790357 0.2506122 0.0964231 0.0719807 0.0571311 0.0658971 0.0249282 0.1850947 0.0683473 0.2231198 0.0622268 0.7525155 0.7732723 0.7635974 0.7751046 0.0611223 0.0611223 0.0647275 0.0752869 0.0636780 0.0662008 0.2420227 0.0763928 0.0611573 0.1015556 0.2307439 0.2445431 0.0314302 0.1367472 0.0295728 0.0271610 0.0219318 0.0364770 0.0314018 0.0290875 0.0265193 0.0699336 0.1650028 0.1726722 0.1900543 0.1545785 0.1571136 0.1705911 0.1571136 0.2382845 0.1607973 0.0816820 0.0835659 0.0964916 0.0819607 0.0627421 0.0813421 0.7222197 0.2382845 0.1850947 0.1850947 0.1753227 0.1971842 0.2338379 0.1680534 0.1832292 0.1971842 0.2394244 0.2368049 0.2393625 0.0965195 0.0652412 0.0571311 0.0347261 0.0321308 0.0296342 0.0942990 0.7332795 0.1670741 
61560_AAC96044_rbcL   0.0759212 0.0805703 0.0783870 0.0242685 0.0242338 0.0265944 0.0216034 0.0239627 0.0242406 0.0243072 0.0318940 0.0217527 0.0344472 0.0000000 0.0191029 0.0193086 0.0241744 0.0291632 0.0241883 0.0367709 0.0292965 0.0292436 0.0342761 0.0392545 0.0442779 0.0296438 0.0592516 0.0714547 0.0759133 0.0786921 0.0786221 0.0291695 0.0370149 0.0343406 0.1108060 0.0953922 0.0855697 0.2392558 0.0758697 0.2340304 0.1817820 0.0774053 0.0759718 0.1742465 0.1945115 0.1981955 0.1638537 0.1701011 0.0687068 0.0759212 0.2534731 0.0929680 0.0739744 0.0635844 0.0690813 0.0267886 0.1906411 0.0758697 0.2340304 0.0509179 0.7466888 0.7736302 0.7585420 0.7711639 0.0770380 0.0770380 0.0710509 0.0777168 0.0740134 0.0765320 0.2433707 0.0728523 0.0557658 0.0967932 0.2335532 0.2392558 0.0239730 0.1427486 0.0341658 0.0367222 0.0216728 0.0239722 0.0239518 0.0215242 0.0191231 0.0759133 0.1791858 0.1872786 0.1989772 0.1687681 0.1624491 0.1692171 0.1624491 0.2283422 0.1695162 0.0852010 0.0841857 0.0832025 0.0826297 0.0592516 0.0878690 0.7225551 0.2283422 0.1906411 0.1906411 0.1840695 0.2060111 0.2239629 0.1610851 0.1920887 0.2060111 0.2218847 0.2269285 0.2293755 0.0886055 0.0660602 0.0635844 0.0343406 0.0367161 0.0342370 0.1004700 0.7223402 0.1758357 
61549_AAC96045_rbcL   0.0756926 0.0802610 0.0757368 0.0193094 0.0143772 0.0191776 0.0191599 0.0190706 0.0192906 0.0215307 0.0191503 0.0239366 0.0264758 0.0191029 0.0000000 0.0291125 0.0242929 0.0217459 0.0168412 0.0366455 0.0242854 0.0242413 0.0292250 0.0341682 0.0391523 0.0295427 0.0618252 0.0740186 0.0785062 0.0812985 0.0756189 0.0292020 0.0219133 0.0193625 0.1022878 0.0947518 0.0881649 0.2388798 0.0725822 0.2301164 0.1742781 0.0741299 0.0729892 0.1727757 0.1897464 0.1885159 0.1661100 0.1695468 0.0736122 0.0756926 0.2448106 0.0926838 0.0763544 0.0633532 0.0636803 0.0266987 0.1830463 0.0725822 0.2301164 0.0561549 0.7431633 0.7699063 0.7518510 0.7674887 0.0657449 0.0657449 0.0707907 0.0803186 0.0682830 0.0707833 0.2429466 0.0778897 0.0632457 0.0961957 0.2251503 0.2388798 0.0142321 0.1451379 0.0291317 0.0316589 0.0167577 0.0190870 0.0142198 0.0191326 0.0094605 0.0785062 0.1719058 0.1797131 0.1912235 0.1615733 0.1580918 0.1714508 0.1580918 0.2252733 0.1621564 0.0875247 0.0867542 0.0968142 0.0793969 0.0618252 0.0845891 0.7191306 0.2252733 0.1830463 0.1830463 0.1765771 0.1983513 0.2218785 0.1633252 0.1844406 0.1983513 0.2263403 0.2311417 0.2262827 0.0966780 0.0713298 0.0633532 0.0193625 0.0316537 0.0291914 0.1028521 0.7241651 0.1683923 
61582_AAC96046_rbcL   0.0790180 0.0810276 0.0750694 0.0143675 0.0192071 0.0264896 0.0291930 0.0289756 0.0215785 0.0344614 0.0422351 0.0320270 0.0396654 0.0193086 0.0291125 0.0000000 0.0191691 0.0264697 0.0191714 0.0289399 0.0241879 0.0241442 0.0264947 0.0313785 0.0363005 0.0244722 0.0561324 0.0687684 0.0788317 0.0816363 0.0759313 0.0240839 0.0216596 0.0191396 0.1021354 0.0925587 0.0828193 0.2331488 0.0725741 0.2253653 0.1766520 0.0746770 0.0732907 0.1691946 0.1892578 0.1882729 0.1590549 0.1652006 0.0660272 0.0790180 0.2507035 0.0924837 0.0706747 0.0609220 0.0576681 0.0217148 0.1853958 0.0725741 0.2253653 0.0507080 0.7366244 0.7811735 0.7586398 0.7591705 0.0743333 0.0743333 0.0683745 0.0749775 0.0689374 0.0738461 0.2371864 0.0727228 0.0553998 0.0894374 0.2274841 0.2331488 0.0265569 0.1407030 0.0264113 0.0289023 0.0215877 0.0216123 0.0265331 0.0315884 0.0241590 0.0788317 0.1742235 0.1820735 0.1935725 0.1639249 0.1577012 0.1643613 0.1577012 0.2247841 0.1645578 0.0824460 0.0814674 0.0804435 0.0857386 0.0561324 0.0851060 0.7329236 0.2247841 0.1853958 0.1853958 0.1789337 0.1940520 0.2277273 0.1563743 0.1867982 0.1940520 0.2183530 0.2306970 0.2209609 0.0848390 0.0633957 0.0609220 0.0191396 0.0288976 0.0264644 0.0999627 0.7125631 0.1707826 
61585_AAC96047_rbcL   0.0730147 0.0779457 0.0749137 0.0243674 0.0242860 0.0266522 0.0192965 0.0291740 0.0217235 0.0367751 0.0395053 0.0265765 0.0419858 0.0241744 0.0242929 0.0191691 0.0000000 0.0192373 0.0218065 0.0288818 0.0192736 0.0192386 0.0266751 0.0315942 0.0313395 0.0244222 0.0560160 0.0686270 0.0730868 0.0758443 0.0757767 0.0191910 0.0168251 0.0143360 0.1077238 0.0923660 0.0887934 0.2352846 0.0724233 0.2275318 0.1796927 0.0745226 0.0731415 0.1722368 0.1888812 0.1897913 0.1587310 0.1681778 0.0710455 0.0730147 0.2502134 0.0899426 0.0705268 0.0607963 0.0577675 0.0216710 0.1884489 0.0724233 0.2275318 0.0559721 0.7468398 0.7917380 0.7658058 0.7695235 0.0828867 0.0828867 0.0682344 0.0748220 0.0773972 0.0823382 0.2393170 0.0778280 0.0581322 0.0868261 0.2270286 0.2352846 0.0242114 0.1377990 0.0265904 0.0239914 0.0217186 0.0242241 0.0241897 0.0217913 0.0218046 0.0730868 0.1738771 0.1851240 0.1931825 0.1635942 0.1573818 0.1640294 0.1573818 0.2344679 0.1675739 0.0822761 0.0873658 0.0975152 0.0797192 0.0560160 0.0849309 0.7432429 0.2344679 0.1884489 0.1884489 0.1819635 0.1970706 0.2237243 0.1560585 0.1898688 0.1970706 0.2280124 0.2330193 0.2306057 0.0876660 0.0632653 0.0607963 0.0143360 0.0239874 0.0215675 0.0973452 0.7278311 0.1738152 
61584_AAC96048_rbcL   0.0788660 0.0755283 0.0725928 0.0267026 0.0168400 0.0167573 0.0192558 0.0192384 0.0095659 0.0266895 0.0267470 0.0241620 0.0267113 0.0291632 0.0217459 0.0264697 0.0192373 0.0000000 0.0143997 0.0216955 0.0144510 0.0144245 0.0144159 0.0192652 0.0241459 0.0195335 0.0587745 0.0662249 0.0652440 0.0679659 0.0679049 0.0193086 0.0217665 0.0192332 0.1054066 0.0920503 0.0855092 0.2316136 0.0642681 0.2143396 0.1675832 0.0663245 0.0652895 0.1660522 0.1830281 0.1809364 0.1539097 0.1629439 0.0658470 0.0788660 0.2410074 0.0923198 0.0732026 0.0556245 0.0660415 0.0168506 0.1763060 0.0642681 0.2143396 0.0560946 0.7253445 0.7693167 0.7557608 0.7472926 0.0690249 0.0690249 0.0630587 0.0776571 0.0690341 0.0741181 0.2356346 0.0779350 0.0629097 0.0929723 0.2178781 0.2316136 0.0266333 0.1353312 0.0143710 0.0168190 0.0143435 0.0266473 0.0266094 0.0266729 0.0242282 0.0652440 0.1598185 0.1672490 0.1843759 0.1495071 0.1460875 0.1592507 0.1460875 0.2295658 0.1555424 0.0796322 0.0841260 0.0941312 0.0825575 0.0587745 0.0819472 0.7215430 0.2295658 0.1763060 0.1763060 0.1699006 0.1850805 0.2221078 0.1568597 0.1776580 0.1850805 0.2306578 0.2281541 0.2233183 0.0931628 0.0635515 0.0556245 0.0192332 0.0168162 0.0143990 0.1024903 0.7066745 0.1617282 
61583_AAC96049_rbcL   0.0758334 0.0697311 0.0724991 0.0167667 0.0071439 0.0143331 0.0267306 0.0143602 0.0095402 0.0216534 0.0267763 0.0241118 0.0267406 0.0241883 0.0168412 0.0191714 0.0218065 0.0143997 0.0000000 0.0266723 0.0144132 0.0144324 0.0192730 0.0241456 0.0291452 0.0195443 0.0536230 0.0606183 0.0706011 0.0733558 0.0677630 0.0143969 0.0193904 0.0168656 0.0988080 0.0892662 0.0796609 0.2335697 0.0647819 0.2224228 0.1743325 0.0663951 0.0651540 0.1668393 0.1870015 0.1885824 0.1510774 0.1628781 0.0630211 0.0758334 0.2485558 0.0891800 0.0680970 0.0528544 0.0528224 0.0168599 0.1831074 0.0647819 0.2224228 0.0507333 0.7446338 0.7898464 0.7602304 0.7671276 0.0609013 0.0609013 0.0602568 0.0718651 0.0580052 0.0605049 0.2376188 0.0754029 0.0575677 0.0956001 0.2252532 0.2335697 0.0167760 0.1324371 0.0192736 0.0217515 0.0095166 0.0216964 0.0167613 0.0167863 0.0143893 0.0706011 0.1663486 0.1740073 0.1912920 0.1559935 0.1497751 0.1564195 0.1497751 0.2270874 0.1622019 0.0740811 0.0783518 0.0881463 0.0825344 0.0536230 0.0819248 0.7378197 0.2270874 0.1831074 0.1831074 0.1766329 0.1984242 0.2269047 0.1540591 0.1845032 0.1984242 0.2206731 0.2329805 0.2281098 0.0901964 0.0553181 0.0528544 0.0168656 0.0217479 0.0193118 0.0965346 0.7254917 0.1684423 
61563_AAC96050_rbcL   0.0758575 0.0669051 0.0692933 0.0316623 0.0217245 0.0240824 0.0316773 0.0244218 0.0168126 0.0350733 0.0376920 0.0376590 0.0351050 0.0367709 0.0366455 0.0289399 0.0288818 0.0216955 0.0266723 0.0000000 0.0119415 0.0118700 0.0119638 0.0216269 0.0166545 0.0072289 0.0529838 0.0603420 0.0648388 0.0675415 0.0620604 0.0118911 0.0215128 0.0190112 0.1016730 0.0810934 0.0778343 0.2126393 0.0585542 0.1954994 0.1564272 0.0606223 0.0594896 0.1520587 0.1644805 0.1673266 0.1371763 0.1506805 0.0573480 0.0758575 0.2266447 0.0933114 0.0714852 0.0473117 0.0628242 0.0094894 0.1650250 0.0585542 0.1954994 0.0520699 0.7048846 0.7579127 0.7360841 0.7274248 0.0717199 0.0717199 0.0546359 0.0757272 0.0717308 0.0768163 0.2165486 0.0768871 0.0611806 0.0883409 0.2007540 0.2126393 0.0266300 0.1330866 0.0119267 0.0094720 0.0191891 0.0266439 0.0315448 0.0317466 0.0291645 0.0648388 0.1445859 0.1548062 0.1695027 0.1357087 0.1297028 0.1424592 0.1297028 0.2204527 0.1445880 0.0737281 0.0817571 0.0917123 0.0738270 0.0529838 0.0732775 0.7109161 0.2204527 0.1650250 0.1650250 0.1587604 0.1726841 0.2100939 0.1417937 0.1662970 0.1726841 0.2215010 0.2130425 0.2142388 0.0803758 0.0550702 0.0473117 0.0190112 0.0094696 0.0118493 0.1008286 0.6878304 0.1506566 
61564_AAC96051_rbcL   0.0756776 0.0695931 0.0699454 0.0241482 0.0144054 0.0167888 0.0242676 0.0144021 0.0095567 0.0267107 0.0293262 0.0292041 0.0268184 0.0292965 0.0242854 0.0241879 0.0192736 0.0144510 0.0144132 0.0119415 0.0000000 0.0047486 0.0095923 0.0192696 0.0143532 0.0048120 0.0535263 0.0605057 0.0650132 0.0677251 0.0622273 0.0047569 0.0168543 0.0143613 0.1019647 0.0866699 0.0802784 0.2227530 0.0591372 0.2055296 0.1645485 0.0607876 0.0596490 0.1601782 0.1738312 0.1743784 0.1449395 0.1599527 0.0575023 0.0756776 0.2338032 0.0889843 0.0679624 0.0474368 0.0580726 0.0071322 0.1732454 0.0591372 0.2055296 0.0506434 0.7300826 0.7744540 0.7455313 0.7522090 0.0665168 0.0665168 0.0547822 0.0717222 0.0690840 0.0716120 0.2267236 0.0752489 0.0574622 0.0892791 0.2108697 0.2227530 0.0193126 0.1320679 0.0095929 0.0119273 0.0119438 0.0193229 0.0192955 0.0194195 0.0169104 0.0650132 0.1536514 0.1642105 0.1778361 0.1433808 0.1372758 0.1502692 0.1372758 0.2234456 0.1525487 0.0739325 0.0841756 0.0941796 0.0793785 0.0535263 0.0787921 0.7263109 0.2234456 0.1732454 0.1732454 0.1668728 0.1820392 0.2130774 0.1479822 0.1745770 0.1820392 0.2245054 0.2160222 0.2244481 0.0789494 0.0552185 0.0474368 0.0143613 0.0071401 0.0095304 0.0963115 0.7112638 0.1587100 
61562_AAC96052_rbcL   0.0755459 0.0639230 0.0642522 0.0242112 0.0143965 0.0167583 0.0242236 0.0121222 0.0095808 0.0245935 0.0271376 0.0271104 0.0246135 0.0292436 0.0242413 0.0241442 0.0192386 0.0144245 0.0144324 0.0118700 0.0047486 0.0000000 0.0095649 0.0143804 0.0142669 0.0072123 0.0480612 0.0550167 0.0595212 0.0621914 0.0567839 0.0047287 0.0119412 0.0094969 0.0959482 0.0807587 0.0797316 0.2284688 0.0535810 0.2112708 0.1700894 0.0552717 0.0542343 0.1657546 0.1793098 0.1799883 0.1504015 0.1654405 0.0520716 0.0755459 0.2395807 0.0888322 0.0678427 0.0421021 0.0579703 0.0023583 0.1787814 0.0535810 0.2112708 0.0505530 0.7214362 0.7650832 0.7267627 0.7432347 0.0608998 0.0608998 0.0493954 0.0715981 0.0634440 0.0659553 0.2324578 0.0751183 0.0573630 0.0891272 0.2166339 0.2284688 0.0192774 0.1302350 0.0095353 0.0070989 0.0119219 0.0192877 0.0192604 0.0242791 0.0168794 0.0595212 0.1590426 0.1697602 0.1834102 0.1487922 0.1426718 0.1557166 0.1426718 0.2231052 0.1580822 0.0682609 0.0784211 0.0882219 0.0736477 0.0480612 0.0731004 0.7176119 0.2231052 0.1787814 0.1787814 0.1723875 0.1874869 0.2188035 0.1533757 0.1801415 0.1874869 0.2241624 0.2217401 0.2241053 0.0841550 0.0497937 0.0421021 0.0094969 0.0070977 0.0047268 0.0961458 0.7028983 0.1642542 
61579_AAC96053_rbcL   0.0846488 0.0726926 0.0725878 0.0290961 0.0192856 0.0216465 0.0292035 0.0170466 0.0095451 0.0295477 0.0322140 0.0320794 0.0296688 0.0342761 0.0292250 0.0264947 0.0266751 0.0144159 0.0192730 0.0119638 0.0095923 0.0095649 0.0000000 0.0143266 0.0143800 0.0121813 0.0560511 0.0634787 0.0680029 0.0707444 0.0651816 0.0095820 0.0192646 0.0167572 0.1053596 0.0899568 0.0773935 0.2309541 0.0617059 0.2135637 0.1684435 0.0637760 0.0625800 0.1640646 0.1811395 0.1818695 0.1519083 0.1637751 0.0604345 0.0846488 0.2422262 0.0982346 0.0763006 0.0502884 0.0660994 0.0119717 0.1772045 0.0617059 0.2135637 0.0615902 0.7415009 0.7864843 0.7620062 0.7638941 0.0662600 0.0662600 0.0576839 0.0805105 0.0662676 0.0713344 0.2349997 0.0836775 0.0658583 0.0986428 0.2189992 0.2309541 0.0266587 0.1375179 0.0047548 0.0119495 0.0167688 0.0266727 0.0266347 0.0268055 0.0242515 0.0680029 0.1606228 0.1681092 0.1853183 0.1502677 0.1440777 0.1572771 0.1440777 0.2390717 0.1563466 0.0770475 0.0813038 0.0912075 0.0825425 0.0560511 0.0819329 0.7378273 0.2390717 0.1772045 0.1772045 0.1707673 0.1860026 0.2284630 0.1548956 0.1785672 0.1860026 0.2402172 0.2314417 0.2327396 0.0906865 0.0581408 0.0502884 0.0167572 0.0071533 0.0095481 0.1058821 0.7224430 0.1625624 
61578_AAC96054_rbcL   0.0760914 0.0725311 0.0724783 0.0340183 0.0241607 0.0265144 0.0341431 0.0219603 0.0143507 0.0345377 0.0321716 0.0370861 0.0296301 0.0392545 0.0341682 0.0313785 0.0315942 0.0192652 0.0241456 0.0216269 0.0192696 0.0143804 0.0143266 0.0000000 0.0095470 0.0220222 0.0612412 0.0660699 0.0705779 0.0733296 0.0677426 0.0192481 0.0241339 0.0215929 0.1080454 0.0899387 0.0852787 0.2300120 0.0669487 0.2031427 0.1643120 0.0663757 0.0651361 0.1599445 0.1769370 0.1902458 0.1539655 0.1628633 0.0655897 0.0760914 0.2438653 0.0925035 0.0706884 0.0554152 0.0660025 0.0167985 0.1761999 0.0669487 0.2031427 0.0615580 0.7351746 0.7796426 0.7555119 0.7573340 0.0556532 0.0556532 0.0628156 0.0803292 0.0556557 0.0606948 0.2274751 0.0837102 0.0657623 0.0930054 0.2207753 0.2300120 0.0315747 0.1373981 0.0143272 0.0167671 0.0216079 0.0315910 0.0315460 0.0367026 0.0291655 0.0705779 0.1566596 0.1639740 0.1810064 0.1463766 0.1461511 0.1592999 0.1461511 0.2319288 0.1523247 0.0796801 0.0839032 0.0965442 0.0798435 0.0612412 0.0792508 0.7314611 0.2319288 0.1761999 0.1761999 0.1666351 0.1817911 0.2275272 0.1569114 0.1743301 0.1817911 0.2330377 0.2304921 0.2256360 0.0904742 0.0580173 0.0554152 0.0215929 0.0167643 0.0143550 0.0942804 0.7163205 0.1584791 
61547_AAC96055_rbcL   0.0808498 0.0719026 0.0772154 0.0391062 0.0290699 0.0314172 0.0391234 0.0269048 0.0192459 0.0396959 0.0423064 0.0422723 0.0397324 0.0442779 0.0391523 0.0363005 0.0313395 0.0241459 0.0291452 0.0166545 0.0143532 0.0142669 0.0143800 0.0095470 0.0000000 0.0169557 0.0607196 0.0655077 0.0725483 0.0752850 0.0697250 0.0142925 0.0239414 0.0214218 0.1097782 0.0918302 0.0880268 0.2216778 0.0663726 0.2014952 0.1663670 0.0683997 0.0671361 0.1620330 0.1755782 0.1825148 0.1468406 0.1617794 0.0650346 0.0808498 0.2353028 0.0916785 0.0754620 0.0549491 0.0707095 0.0166657 0.1750139 0.0663726 0.2014952 0.0610307 0.7263528 0.7703242 0.7465516 0.7482934 0.0661358 0.0661358 0.0622855 0.0796298 0.0661433 0.0712016 0.2256263 0.0855933 0.0704455 0.0976986 0.2124954 0.2216778 0.0340579 0.1360523 0.0143353 0.0166347 0.0264792 0.0340755 0.0340269 0.0342445 0.0316465 0.0725483 0.1554803 0.1660338 0.1795911 0.1452729 0.1391960 0.1521358 0.1391960 0.2295847 0.1544319 0.0789901 0.0918488 0.1020050 0.0817778 0.0607196 0.0811785 0.7225662 0.2295847 0.1750139 0.1750139 0.1686699 0.1837317 0.2191750 0.1498428 0.1763472 0.1837317 0.2306724 0.2221182 0.2233561 0.0898198 0.0575281 0.0549491 0.0214218 0.0118560 0.0142420 0.0990748 0.7076947 0.1605622 
122744_AAG53561_rbcL  0.0719776 0.0609697 0.0665966 0.0245410 0.0145916 0.0169847 0.0245537 0.0173951 0.0145959 0.0280307 0.0306658 0.0306356 0.0280549 0.0296438 0.0295427 0.0244722 0.0244222 0.0195335 0.0195443 0.0072289 0.0048120 0.0072123 0.0121813 0.0220222 0.0169557 0.0000000 0.0503429 0.0572518 0.0617223 0.0643875 0.0589863 0.0072252 0.0195050 0.0169654 0.0925878 0.0829491 0.0766904 0.2238350 0.0584256 0.2035961 0.1607723 0.0575156 0.0564453 0.1534260 0.1656350 0.1679416 0.1415946 0.1579178 0.0516748 0.0719776 0.2237446 0.0824508 0.0618161 0.0443779 0.0572162 0.0046975 0.1693051 0.0584256 0.2035961 0.0442505 0.7406809 0.7823743 0.7426634 0.7535877 0.0631949 0.0631949 0.0490204 0.0655879 0.0684684 0.0709732 0.2247144 0.0689986 0.0516697 0.0827596 0.2016363 0.2238350 0.0214914 0.1327972 0.0118690 0.0141672 0.0118115 0.0215026 0.0238952 0.0240468 0.0215397 0.0617223 0.1517321 0.1560697 0.1707843 0.1371835 0.1312272 0.1438827 0.1312272 0.2199686 0.1490111 0.0677309 0.0778126 0.0875234 0.0731948 0.0503429 0.0726538 0.7290660 0.2199686 0.1663360 0.1663360 0.1630692 0.1834989 0.2096536 0.1458691 0.1705906 0.1834989 0.2210095 0.2125906 0.2243042 0.0725690 0.0520444 0.0443779 0.0165836 0.0094240 0.0117923 0.0895233 0.7176092 0.1550451 
151847_AAK70983_rbcL  0.0753270 0.0537707 0.0543691 0.0592559 0.0537290 0.0509583 0.0594921 0.0536536 0.0508016 0.0571223 0.0654611 0.0546152 0.0627421 0.0592516 0.0618252 0.0561324 0.0560160 0.0587745 0.0536230 0.0529838 0.0535263 0.0480612 0.0560511 0.0612412 0.0607196 0.0503429 0.0000000 0.0422217 0.0639712 0.0665367 0.0662915 0.0479334 0.0534436 0.0506063 0.0821783 0.0673809 0.0442871 0.2254278 0.0639700 0.2318953 0.1767030 0.0664654 0.0638327 0.1698442 0.1892107 0.1904925 0.1570609 0.1663799 0.0667448 0.0780924 0.2458359 0.1007494 0.0706867 0.0543493 0.0851374 0.0530297 0.1850225 0.0639700 0.2318953 0.0723226 0.8016335 0.8403494 0.7770355 0.8180800 0.0576482 0.0576482 0.0641196 0.0756682 0.0490562 0.0547356 0.2262824 0.0884218 0.0743446 0.0976402 0.2197727 0.2254278 0.0660606 0.1477153 0.0629415 0.0544900 0.0581535 0.0713095 0.0610454 0.0604536 0.0636706 0.0639712 0.1718397 0.1787681 0.1858611 0.1591442 0.1529291 0.1592310 0.1529291 0.2281120 0.1674599 0.0691340 0.0414054 0.0493746 0.0570356 0.0000010 0.0587268 0.7765849 0.2281120 0.1850225 0.1850225 0.1788744 0.2169583 0.2276009 0.1545315 0.1794789 0.2169583 0.2256440 0.2304086 0.2292868 0.0964439 0.0566598 0.0543493 0.0578965 0.0551879 0.0576334 0.1097694 0.7789463 0.1711172 
3331_AAM49707_rbcL    0.0673705 0.0449321 0.0542636 0.0714650 0.0607376 0.0579517 0.0665252 0.0606479 0.0582186 0.0641966 0.0725561 0.0669270 0.0698425 0.0714547 0.0740186 0.0687684 0.0686270 0.0662249 0.0606183 0.0603420 0.0605057 0.0550167 0.0634787 0.0660699 0.0655077 0.0572518 0.0422217 0.0000000 0.0277239 0.0301185 0.0300908 0.0548705 0.0660378 0.0631253 0.0824196 0.0575728 0.0598848 0.2517469 0.0252311 0.2503105 0.2070742 0.0224249 0.0270132 0.1837726 0.1999747 0.2097713 0.1683697 0.1832464 0.0293492 0.0673705 0.2577897 0.0907869 0.0694846 0.0224046 0.0827346 0.0537874 0.2126480 0.0246548 0.2503105 0.0649362 0.8759800 0.8825792 0.8142400 0.8683948 0.0465193 0.0465193 0.0224519 0.0718444 0.0468357 0.0540144 0.2590669 0.0735402 0.0582474 0.0800655 0.2431403 0.2517469 0.0713477 0.1446629 0.0638778 0.0580915 0.0587910 0.0765041 0.0664363 0.0682948 0.0690146 0.0270029 0.1859472 0.1938743 0.2102157 0.1731847 0.1801653 0.1732683 0.1801653 0.2419139 0.2033274 0.0202396 0.0596816 0.0713814 0.0555087 0.0422217 0.0523709 0.8228382 0.2419139 0.2126480 0.2126480 0.2062874 0.2355737 0.2377035 0.1710166 0.2036342 0.2355737 0.2357862 0.2404989 0.2434610 0.0780726 0.0223331 0.0224046 0.0637472 0.0562768 0.0586665 0.0948295 0.8230972 0.2014088 
58033_AAP87764_rbcL   0.0835367 0.0494724 0.0578715 0.0759685 0.0652646 0.0624752 0.0655362 0.0633099 0.0627619 0.0724995 0.0726523 0.0696155 0.0699336 0.0759133 0.0785062 0.0788317 0.0730868 0.0652440 0.0706011 0.0648388 0.0650132 0.0595212 0.0680029 0.0705779 0.0725483 0.0617223 0.0639712 0.0277239 0.0000000 0.0022351 0.0112527 0.0647174 0.0705451 0.0676237 0.0810670 0.0635773 0.0676341 0.2513601 0.0368387 0.2406565 0.2017639 0.0298319 0.0089886 0.1803356 0.1906794 0.1947086 0.1721174 0.1811458 0.0275168 0.0807787 0.2403590 0.0791883 0.0623399 0.0226639 0.0857800 0.0635966 0.2069151 0.0368387 0.2406565 0.0800795 0.8441962 0.8799266 0.8256692 0.8600805 0.0473212 0.0473212 0.0205217 0.0629401 0.0473721 0.0546360 0.2557244 0.0824585 0.0616074 0.1007475 0.2313815 0.2513601 0.0789301 0.1539088 0.0713638 0.0635956 0.0687049 0.0841641 0.0739656 0.0768261 0.0765821 0.0000010 0.1778261 0.1851280 0.2049067 0.1594424 0.1734156 0.1742676 0.1734156 0.2424207 0.1980253 0.0539685 0.0673044 0.0842804 0.0528593 0.0639712 0.0522757 0.8198659 0.2424207 0.2069151 0.2069151 0.2038603 0.2211647 0.2418757 0.1747467 0.1983295 0.2211647 0.2472384 0.2446812 0.2477086 0.1005184 0.0272706 0.0226639 0.0737366 0.0636425 0.0685542 0.0826100 0.8235110 0.1960773 
182487_AAP87765_rbcL  0.0862485 0.0519783 0.0604636 0.0787532 0.0679887 0.0651775 0.0682705 0.0660439 0.0654779 0.0753203 0.0754790 0.0724140 0.0727482 0.0786921 0.0812985 0.0816363 0.0758443 0.0679659 0.0733558 0.0675415 0.0677251 0.0621914 0.0707444 0.0733296 0.0752850 0.0643875 0.0665367 0.0301185 0.0022351 0.0000000 0.0135396 0.0674155 0.0732939 0.0703468 0.0837766 0.0662177 0.0702559 0.2553019 0.0392517 0.2410434 0.2052957 0.0322167 0.0112659 0.1837300 0.1940867 0.1982124 0.1754314 0.1845191 0.0298925 0.0834720 0.2407493 0.0819173 0.0649218 0.0249982 0.0885015 0.0661463 0.2104646 0.0392517 0.2410434 0.0827499 0.8552973 0.8916478 0.8364659 0.8713742 0.0498325 0.0498325 0.0228645 0.0655522 0.0498867 0.0571803 0.2597102 0.0851478 0.0641675 0.1035749 0.2317478 0.2553019 0.0815695 0.1503733 0.0739635 0.0661456 0.0712861 0.0868346 0.0765826 0.0794670 0.0792143 0.0022351 0.1811340 0.1885548 0.2084607 0.1626690 0.1767119 0.1775795 0.1767119 0.2462664 0.2015246 0.0564805 0.0699195 0.0870247 0.0554251 0.0665367 0.0548141 0.8307389 0.2462664 0.2104646 0.2104646 0.2073855 0.2247468 0.2457100 0.1780356 0.2018327 0.2247468 0.2511347 0.2485264 0.2516163 0.1033440 0.0296243 0.0249982 0.0763419 0.0661938 0.0711281 0.0853865 0.8342491 0.1995822 
114456_AAP87766_rbcL  0.0884269 0.0541970 0.0653084 0.0730924 0.0624640 0.0597006 0.0682090 0.0605023 0.0599727 0.0695905 0.0697369 0.0723480 0.0670345 0.0786221 0.0756189 0.0759313 0.0757767 0.0679049 0.0677630 0.0620604 0.0622273 0.0567839 0.0651816 0.0677426 0.0697250 0.0589863 0.0662915 0.0300908 0.0112527 0.0135396 0.0000000 0.0619460 0.0677127 0.0648215 0.0886667 0.0711116 0.0724636 0.2456406 0.0368738 0.2456498 0.2035416 0.0298604 0.0022288 0.1822011 0.1924173 0.1997342 0.1739992 0.1829938 0.0251678 0.0883344 0.2408664 0.0813907 0.0629572 0.0226854 0.0883849 0.0585888 0.2086634 0.0368738 0.2456498 0.0803614 0.8586932 0.8927520 0.8407569 0.8681434 0.0520686 0.0520686 0.0182009 0.0654779 0.0521255 0.0594021 0.2499256 0.0796866 0.0589879 0.1048247 0.2325661 0.2456406 0.0737658 0.1569434 0.0662664 0.0585874 0.0636404 0.0789468 0.0688381 0.0716556 0.0714282 0.0112527 0.1796626 0.1868502 0.2032975 0.1613672 0.1752780 0.1761325 0.1752780 0.2478810 0.1998144 0.0587937 0.0721240 0.0892241 0.0578188 0.0662915 0.0595963 0.8341333 0.2478810 0.2086634 0.2086634 0.2056192 0.2260274 0.2473229 0.1765951 0.2001183 0.2260274 0.2527343 0.2501233 0.2532171 0.1059619 0.0272965 0.0226854 0.0686309 0.0586291 0.0635025 0.0848268 0.8375913 0.1978837 
